393216
393228
393240
393252
393264
393276
393252
393264
393276
393252
393264
393276
393252
393288
393300
393216
393312
393288
393324
393300
393216
393816
393312
393288
393828
393324
393300
393216
393840
393816
393312
393288
393852
393828
393324
393300
393216
393864
393840
393816
393312
393288
393876
393852
393828
393324
393300
393216
393888
393864
393840
393816
393312
393288
396180
393876
393852
393828
393324
393300
393216
396192
393888
393864
393840
393816
393312
393288
396204
396180
393876
393852
393828
393324
393300
393216
396216
396192
393888
393864
393840
393816
393312
393288
396228
396204
396180
393876
393852
393828
393324
393300
393216
396240
396216
396192
393888
393864
393840
393816
393312
393288
396252
396228
396204
396180
393876
393852
393828
393324
393300
393216
396264
396240
396216
396192
393888
393864
393840
393816
393312
393288
394512
396252
396228
396204
396180
393876
393852
393828
393324
393300
393216
394524
396276
396240
396216
396192
393888
393864
393840
393816
393312
393288
394536
396288
396252
396228
396204
396180
393876
393852
393828
393324
393300
393216
394548
394572
396276
396240
396216
396192
393888
393864
393840
393816
393312
393288
394560
394584
396288
396252
396228
396204
396180
393876
393852
393828
393324
393300
393216
396276
394596
394572
396276
396240
396216
396192
393888
393864
393840
393816
393312
393288
396288
394608
394584
396288
396252
396228
396204
396180
393876
393852
393828
393324
393300
393216
394572
394620
394584
394572
396276
396240
396216
396192
393888
393864
393840
393816
393312
393288
394584
394632
394584
394584
396288
396252
396228
396204
396180
393876
393852
393828
393324
393300
393216
394584
394644
394584
394584
394572
396276
396240
396216
396192
393888
393864
393840
393816
393312
393288
394584
394920
394584
394584
394584
396288
396252
396228
396204
396180
393876
393852
393828
393324
393300
393216
394584
394932
394584
394584
394584
394572
396276
396240
396216
396192
393888
393864
393840
393816
393312
393288
394584
394692
394584
394584
394584
394584
396288
396252
396228
396204
396180
393876
393852
393828
393324
393312
394584
394704
394584
394584
394584
394584
394572
396276
396240
396216
396192
393888
393864
393840
393816
393324
394584
394716
394584
394584
394584
394584
394584
396288
396252
396228
396204
396180
393876
393852
393828
393816
394584
394728
394584
394584
394584
394584
394584
394572
396276
396240
396216
396192
393888
393864
393840
393828
394584
394740
394596
394584
394584
394584
394584
394584
396288
396252
396228
396204
396180
393876
393852
393840
394584
394608
394584
394584
394584
394584
394584
394572
396276
396240
396216
396192
393888
393864
393852
394584
394620
394584
394584
394584
394584
394584
394584
396288
396252
396228
396204
396180
393876
393864
394584
394632
394584
394584
394584
394584
394584
394584
394572
396276
396240
396216
396192
393888
393876
394584
394644
394584
394584
394584
394584
394584
394584
394584
396288
396252
396228
396204
396180
393888
394584
394656
394584
394584
394584
394584
394584
394584
394584
394572
396276
396240
396216
396192
396180
394584
394668
394584
394584
394584
394584
394584
394584
394584
394584
396288
396252
396228
396204
396192
394584
394680
394584
394584
394584
394584
394584
394584
394584
394584
394572
396276
396240
396216
396204
394584
394692
394584
394584
394584
394584
394584
394584
394584
394584
394584
396288
396252
396228
396216
394584
394704
394584
394584
394584
394584
394584
394584
394584
394584
394584
394572
396276
396240
396228
394584
394716
394584
394584
394584
394584
394584
394584
394584
394584
394584
394584
396288
396252
396240
394584
394728
394584
394584
394584
394584
394584
394584
394584
394584
394584
394584
394572
396276
396252
394584
394740
394596
394584
394584
394584
394584
394584
394584
394584
394584
394584
394584
396288
396276
394584
394608
394584
394584
394584
394584
394584
394584
394584
394584
394584
394584
394572
396288
394584
394620
394584
394584
394584
394584
394584
394584
394584
394584
394584
394584
394584
394572
394584
394632
394584
394584
394584
394584
394584
394584
394584
394584
394584
394584
394584
394584
394584
394644
394584
394584
394584
394584
394584
394584
394584
394584
394584
394584
394584
394584
394584
394656
394584
394584
394584
394584
394584
394584
394584
394584
394584
394584
394584
394584
394584
394668
394584
394584
394584
394584
394584
394584
394584
394584
394584
394584
394584
394584
394584
394680
394584
394584
394584
394584
394584
394584
394584
394584
394584
394584
394584
394584
394584
394692
394584
394584
394584
394584
394584
394584
394584
394584
394584
394584
394584
394584
394584
394704
394584
394584
394584
394584
394584
394584
394584
394584
394584
394584
394584
394584
394584
394716
394584
394584
394584
394584
394584
394584
394584
394584
394584
394584
394584
394584
394584
394728
394584
394584
394584
394584
394584
394584
394584
394584
394584
394584
394584
394584
394584
394740
394596
394584
394584
394584
394584
394584
394584
394584
394584
394584
394584
394584
394584
394608
394584
394584
394584
394584
394584
394584
394584
394584
394584
394584
394584
394584
394620
394584
394584
394584
394584
394584
394584
394584
394584
394584
394584
394584
394584
394632
394584
394584
394584
394584
394584
394584
394584
394584
394584
394584
394584
394584
394644
394584
394584
394584
394584
394584
394584
394584
394584
394584
394584
394584
394584
394656
394584
394584
394584
394584
394584
394584
394584
394584
394584
394584
394584
394584
394668
394584
394584
394584
394584
394584
394584
394584
394584
394584
394584
394584
394584
394680
394584
394584
394584
394584
394584
394584
394584
394584
394584
394584
394584
394584
394692
394584
394584
394584
394584
394584
394584
394584
394584
394584
394584
394584
394584
394704
394584
394584
394584
394584
394584
394584
394584
394584
394584
394584
394584
394584
394716
394584
394584
394584
394584
394584
394584
394584
394584
394584
394584
394584
394584
394728
394584
394584
394584
394584
394584
394584
394584
394584
394584
394584
394584
394584
394740
394596
394584
394584
394584
394584
394584
394584
394584
394584
394584
394584
394584
394608
394584
394584
394584
394584
394584
394584
394584
394584
394584
394584
394584
394620
394584
394584
394584
394584
394584
394584
394584
394584
394584
394584
394584
394632
394584
394584
394584
394584
394584
394584
394584
394584
394584
394584
394584
394644
394584
394584
394584
394584
394584
394584
394584
394584
394584
394584
394584
394656
394584
394584
394584
394584
394584
394584
394584
394584
394584
394584
394584
394668
394584
394584
394584
394584
394584
394584
394584
394584
394584
394584
394584
394680
394584
394584
394584
394584
394584
394584
394584
394584
394584
394584
394584
394692
394584
394584
394584
394584
394584
394584
394584
394584
394584
394584
394584
394704
394584
394584
394584
394584
394584
394584
394584
394584
394584
394584
394584
394716
394584
394584
394584
394584
394584
394584
394584
394584
394584
394584
394584
394728
394584
394584
394584
394584
394584
394584
394584
394584
394584
394584
394584
394740
394596
394584
394584
394584
394584
394584
394584
394584
394584
394584
394584
394608
394584
394584
394584
394584
394584
394584
394584
394584
394584
394584
394620
394584
394584
394584
394584
394584
394584
394584
394584
394584
394584
394632
394584
394584
394584
394584
394584
394584
394584
394584
394584
394584
394644
394584
394584
394584
394584
394584
394584
394584
394584
394584
394584
394656
394584
394584
394584
394584
394584
394584
394584
394584
394584
394584
394668
394584
394584
394584
394584
394584
394584
394584
394584
394584
394584
394680
394584
394584
394584
394584
394584
394584
394584
394584
394584
394584
394692
394584
394584
394584
394584
394584
394584
394584
394584
394584
394584
394704
394584
394584
394584
394584
394584
394584
394584
394584
394584
394584
394716
394584
394584
394584
394584
394584
394584
394584
394584
394584
394584
394728
394584
394584
394584
394584
394584
394584
394584
394584
394584
394584
394740
394596
394584
394584
394584
394584
394584
394584
394584
394584
394584
394608
394584
394584
394584
394584
394584
394584
394584
394584
394584
394620
394584
394584
394584
394584
394584
394584
394584
394584
394584
394632
394584
394584
394584
394584
394584
394584
394584
394584
394584
394644
394584
394584
394584
394584
394584
394584
394584
394584
394584
394656
394584
394584
394584
394584
394584
394584
394584
394584
394584
394668
394584
394584
394584
394584
394584
394584
394584
394584
394584
394680
394584
394584
394584
394584
394584
394584
394584
394584
394584
394692
394584
394584
394584
394584
394584
394584
394584
394584
394584
394704
394584
394584
394584
394584
394584
394584
394584
394584
394584
394716
394584
394584
394584
394584
394584
394584
394584
394584
394584
394728
394584
394584
394584
394584
394584
394584
394584
394584
394584
394740
394596
394584
394584
394584
394584
394584
394584
394584
394584
394608
394584
394584
394584
394584
394584
394584
394584
394584
394620
394584
394584
394584
394584
394584
394584
394584
394584
394632
394584
394584
394584
394584
394584
394584
394584
394584
394644
394584
394584
394584
394584
394584
394584
394584
394584
394656
394584
394584
394584
394584
394584
394584
394584
394584
394668
394584
394584
394584
394584
394584
394584
394584
394584
394680
394584
394584
394584
394584
394584
394584
394584
394584
394692
394584
394584
394584
394584
394584
394584
394584
394584
394704
394584
394584
394584
394584
394584
394584
394584
394584
394716
394584
394584
394584
394584
394584
394584
394584
394584
394728
394584
394584
394584
394584
394584
394584
394584
394584
394740
394596
394584
394584
394584
394584
394584
394584
394584
394608
394584
394584
394584
394584
394584
394584
394584
394620
394584
394584
394584
394584
394584
394584
394584
394632
394584
394584
394584
394584
394584
394584
394584
394644
394584
394584
394584
394584
394584
394584
394584
394656
394584
394584
394584
394584
394584
394584
394584
394668
394584
394584
394584
394584
394584
394584
394584
394680
394584
394584
394584
394584
394584
394584
394584
394692
394584
394584
394584
394584
394584
394584
394584
394704
394584
394584
394584
394584
394584
394584
394584
394716
394584
394584
394584
394584
394584
394584
394584
394728
394584
394584
394584
394584
394584
394584
394584
394740
394596
394584
394584
394584
394584
394584
394584
394608
394584
394584
394584
394584
394584
394584
394620
394584
394584
394584
394584
394584
394584
394632
394584
394584
394584
394584
394584
394584
394644
394584
394584
394584
394584
394584
394584
394656
394584
394584
394584
394584
394584
394584
394668
394584
394584
394584
394584
394584
394584
394680
394584
394584
394584
394584
394584
394584
394692
394584
394584
394584
394584
394584
394584
394704
394584
394584
394584
394584
394584
394584
394716
394584
394584
394584
394584
394584
394584
394728
394584
394584
394584
394584
394584
394584
394740
394596
394584
394584
394584
394584
394584
394608
394584
394584
394584
394584
394584
394620
394584
394584
394584
394584
394584
394632
394584
394584
394584
394584
394584
394644
394584
394584
394584
394584
394584
394656
394584
394584
394584
394584
394584
394668
394584
394584
394584
394584
394584
394680
394584
394584
394584
394584
394584
394692
394584
394584
394584
394584
394584
394704
394584
394584
394584
394584
394584
394716
394584
394584
394584
394584
394584
394728
394584
394584
394584
394584
394584
394740
394596
394584
394584
394584
394584
394608
394584
394584
394584
394584
394620
394584
394584
394584
394584
394632
394584
394584
394584
394584
394644
394584
394584
394584
394584
394656
394584
394584
394584
394584
394668
394584
394584
394584
394584
394680
394584
394584
394584
394584
394692
394584
394584
394584
394584
394704
394584
394584
394584
394584
394716
394584
394584
394584
394584
394728
394584
394584
394584
394584
394740
394596
394584
394584
394584
394608
394584
394584
394584
394620
394584
394584
394584
394632
394584
394584
394584
394644
394584
394584
394584
394656
394584
394584
394584
394668
394584
394584
394584
394680
394584
394584
394584
394692
394584
394584
394584
394704
394584
394584
394584
394716
394584
394584
394584
394728
394584
394584
394584
394740
394596
394584
394584
394608
394584
394584
394620
394584
394584
394632
394584
394584
394644
394584
394584
394656
394584
394584
394668
394584
394584
394680
394584
394584
394692
394584
394584
394704
394584
394584
394716
394584
394584
394728
394584
394584
394740
394596
394584
394608
394584
394620
394584
394632
394584
394644
394584
394656
394584
394668
394584
394680
394584
394692
394584
394704
394584
394716
394584
394728
394584
394740
394596
394608
394620
394764
394776
394788
394800
394752
394812
396300
394824
396312
394836
396324
394800
396336
394752
394812
399768
396300
394824
399780
396312
394836
399792
396324
394800
399804
396336
394752
394812
400488
399768
396300
394824
400500
399780
396312
394836
400512
399792
396324
394800
400524
399792
396336
394752
394812
400536
399792
399768
396300
394824
400560
399792
399780
396312
394836
400572
399792
399792
396324
394800
400584
399792
399792
396336
394752
394812
400596
399792
399792
399768
396300
394824
399816
399792
399792
399780
396312
394836
399828
399804
399792
399792
396324
394800
399840
400488
399792
399792
394752
396336
394812
396348
400500
399792
399792
396300
399768
394824
396360
400512
399792
399792
396312
399780
394836
396372
400524
399792
399792
396324
399792
394800
396672
400536
399792
399792
399792
396336
394752
394812
396684
400560
399792
399792
399792
399768
396300
394824
396696
400572
399792
399792
399792
399780
396312
394836
396708
400584
399792
399792
399792
399792
396324
394800
394572
400596
399792
399792
394752
399792
399792
396336
394812
394584
399816
399792
399792
396300
399792
399792
399768
394824
394584
399828
399804
399792
396312
399792
399792
399780
394836
394584
399840
400488
399792
396324
399792
399792
399792
394800
394584
396348
400500
399792
396336
394752
399792
399792
399792
394812
394584
396360
400512
399792
399768
396300
399792
399792
399792
394824
394584
396372
400524
399792
399780
396312
399792
399792
399792
394836
394584
396672
400536
399792
399792
396324
399792
399792
399792
394800
394584
396684
400560
399792
399792
396336
394752
399792
399792
399792
394812
394584
396696
400572
399792
399792
399768
396300
399792
399792
399792
394824
394584
396708
400584
399792
399792
399780
396312
399792
399792
399792
394836
394584
394572
400596
399792
399792
399792
396324
399792
399792
399792
394800
394584
394584
399816
399792
399792
399792
396336
394752
399792
399792
399792
394812
394584
394584
399828
399804
399792
399792
399768
396300
399792
399792
399792
394824
394584
394584
399840
400488
399792
399792
399780
396312
399792
399792
399792
394836
394584
394584
396348
400500
399792
399792
399792
396324
399792
399792
399792
394800
394584
394584
396360
400512
399792
399792
399792
396336
394752
399792
399792
399792
394812
394584
394584
396372
400524
399792
399792
399792
399768
396300
399792
399792
399792
394824
394584
394584
396672
400536
399792
399792
399792
399780
396312
394836
394584
394584
396684
400560
399792
399792
399792
399792
399792
399792
399792
396324
394800
394584
394584
396696
400572
399792
399792
399792
399792
399792
399792
399792
396336
394752
394812
394584
394584
396708
400584
399792
399792
399792
399792
399792
399792
399792
399768
396300
394824
394584
394584
394572
400596
399792
399792
399792
399792
399792
399792
399792
399780
396312
394836
394584
394584
394584
399816
399792
399792
399792
399792
399792
399792
399792
399792
396324
394800
394584
394584
394584
399828
399804
399792
399792
399792
399792
399792
399792
399792
396336
394752
394812
394584
394584
394584
399840
400488
399792
399792
399792
399792
399792
399792
399792
399768
396300
394824
394584
394584
394584
396348
400500
399792
399792
399792
399792
399792
399792
399792
399780
396312
394836
394584
394584
394584
396360
400512
399792
399792
399792
399792
399792
399792
399792
399792
396324
394848
394584
394584
394584
396372
400524
399792
399792
399792
399792
399792
399792
399792
399792
396336
394752
394860
394584
394584
394584
396672
400536
399792
399792
399792
399792
399792
399792
399792
399792
399768
396300
394872
394584
394584
394584
396684
400560
399792
399792
399792
399792
399792
399792
399792
399792
399780
396312
394884
394584
394584
394584
396696
400572
399792
399792
399792
399792
399792
399792
399792
399792
399792
396324
394896
394584
394584
394584
396708
400584
399792
399792
399792
399792
399792
399792
399792
399792
399792
396336
394908
394596
394584
394584
394572
400596
399792
399792
399792
399792
399792
399792
399792
399792
399792
399768
396300
394608
394584
394584
394584
399816
399792
399792
399792
399792
399792
399792
399792
399792
399792
399780
396312
394620
394584
394584
394584
399828
399804
399792
399792
399792
399792
399792
399792
399792
399792
399792
396324
394632
394584
394584
394584
399840
400488
399792
399792
399792
399792
399792
399792
399792
399792
399792
396336
394644
394584
394584
394584
396348
400500
399792
399792
399792
399792
399792
399792
399792
399792
399792
399768
394920
394584
394584
394584
396360
400512
399792
399792
399792
399792
399792
399792
399792
399792
399792
399780
394932
394584
394584
394584
396372
400524
399792
399792
399792
399792
399792
399792
399792
399792
399792
399792
394692
394584
394584
394584
396672
400536
399792
399792
399792
399792
399792
399792
399792
399792
399792
399792
394704
394584
394584
394584
396684
400560
399792
399792
399792
399792
399792
399792
399792
399792
399792
399792
394716
394584
394584
394584
396696
400572
399792
399792
399792
399792
399792
399792
399792
399792
399792
399792
394728
394584
394584
394584
396708
400584
399792
399792
399792
399792
399792
399792
399792
399792
399792
399792
394740
394596
394584
394584
394572
400596
399792
399792
399792
399792
399792
399792
399792
399792
399792
399792
394608
394584
394584
394584
399816
399792
399792
399792
399792
399792
399792
399792
399792
399792
399792
394620
394584
394584
394584
399828
399804
399792
399792
399792
399792
399792
399792
399792
399792
399792
394632
394584
394584
394584
399840
400488
399792
399792
399792
399792
399792
399792
399792
399792
399792
394644
394584
394584
394584
396348
400500
399792
399792
399792
399792
399792
399792
399792
399792
399792
394656
394584
394584
394584
396360
400512
399792
399792
399792
399792
399792
399792
399792
399792
399792
394668
394584
394584
394584
396372
400524
399792
399792
399792
399792
399792
399792
399792
399792
399792
394680
394584
394584
394584
396672
400536
399792
399792
399792
399792
399792
399792
399792
399792
399792
394692
394584
394584
394584
396684
400560
399792
399792
399792
399792
399792
399792
399792
399792
399792
394704
394584
394584
394584
396696
400572
399792
399792
399792
399792
399792
399792
399792
399792
399792
394716
394584
394584
394584
396708
400584
399792
399792
399792
399792
399792
399792
399792
399792
399792
394728
394584
394584
394584
394572
400596
399792
399792
399792
399792
399792
399792
399792
399792
399792
394740
394596
394584
394584
394584
399816
399792
399792
399792
399792
399792
399792
399792
399792
399792
394608
394584
394584
394584
399828
399804
399792
399792
399792
399792
399792
399792
399792
399792
394620
394584
394584
394584
399840
400488
399792
399792
399792
399792
399792
399792
399792
399792
394632
394584
394584
394584
396348
400500
399792
399792
399792
399792
399792
399792
399792
399792
394644
394584
394584
394584
396360
400512
399792
399792
399792
399792
399792
399792
399792
399792
394656
394584
394584
394584
396372
400524
399792
399792
399792
399792
399792
399792
399792
399792
394668
394584
394584
394584
396672
400536
399792
399792
399792
399792
399792
399792
399792
399792
394680
394584
394584
394584
396684
400560
399792
399792
399792
399792
399792
399792
399792
399792
394692
394584
394584
394584
396696
400572
399792
399792
399792
399792
399792
399792
399792
399792
394704
394584
394584
394584
396708
400584
399792
399792
399792
399792
399792
399792
399792
399792
394716
394584
394584
394584
394572
400596
399792
399792
399792
399792
399792
399792
399792
399792
394728
394584
394584
394584
394584
399816
399792
399792
399792
399792
399792
399792
399792
399792
394740
394596
394584
394584
394584
399828
399804
399792
399792
399792
399792
399792
399792
399792
394608
394584
394584
394584
399840
400488
399792
399792
399792
399792
399792
399792
399792
394620
394584
394584
394584
396348
400500
399792
399792
399792
399792
399792
399792
399792
394632
394584
394584
394584
396360
400512
399792
399792
399792
399792
399792
399792
399792
394644
394584
394584
394584
396372
400524
399792
399792
399792
399792
399792
399792
399792
394656
394584
394584
394584
396672
400536
399792
399792
399792
399792
399792
399792
399792
394668
394584
394584
394584
396684
400560
399792
399792
399792
399792
399792
399792
399792
394680
394584
394584
394584
396696
400572
399792
399792
399792
399792
399792
399792
399792
394692
394584
394584
394584
396708
400584
399792
399792
399792
399792
399792
399792
399792
394704
394584
394584
394584
394572
400596
399792
399792
399792
399792
399792
399792
399792
394716
394584
394584
394584
394584
399816
399792
399792
399792
399792
399792
399792
399792
394728
394584
394584
394584
394584
399828
399804
399792
399792
399792
399792
399792
399792
394740
394596
394584
394584
394584
399840
400488
399792
399792
399792
399792
399792
399792
394608
394584
394584
394584
396348
400500
399792
399792
399792
399792
399792
399792
394620
394584
394584
394584
396360
400512
399792
399792
399792
399792
399792
399792
394632
394584
394584
394584
396372
400524
399792
399792
399792
399792
399792
399792
394644
394584
394584
394584
396672
400536
399792
399792
399792
399792
399792
399792
394656
394584
394584
394584
396684
400560
399792
399792
399792
399792
399792
399792
394668
394584
394584
394584
396696
400572
399792
399792
399792
399792
399792
399792
394680
394584
394584
394584
396708
400584
399792
399792
399792
399792
399792
399792
394692
394584
394584
394584
394572
400596
399792
399792
399792
399792
399792
399792
394704
394584
394584
394584
394584
399816
399792
399792
399792
399792
399792
399792
394716
394584
394584
394584
394584
399828
399804
399792
399792
399792
399792
399792
394728
394584
394584
394584
394584
399840
400488
399792
399792
399792
399792
399792
394740
394596
394584
394584
394584
396348
400500
399792
399792
399792
399792
399792
394608
394584
394584
394584
396360
400512
399792
399792
399792
399792
399792
394620
394584
394584
394584
396372
400524
399792
399792
399792
399792
399792
394632
394584
394584
394584
396672
400536
399792
399792
399792
399792
399792
394644
394584
394584
394584
396684
400560
399792
399792
399792
399792
399792
394656
394584
394584
394584
396696
400572
399792
399792
399792
399792
399792
394668
394584
394584
394584
396708
400584
399792
399792
399792
399792
399792
394680
394584
394584
394584
394572
400596
399792
399792
399792
399792
399792
394692
394584
394584
394584
394584
399816
399792
399792
399792
399792
399792
394704
394584
394584
394584
394584
399828
399804
399792
399792
399792
399792
394716
394584
394584
394584
394584
399840
400488
399792
399792
399792
399792
394728
394584
394584
394584
394584
396348
400500
399792
399792
399792
399792
394740
394596
394584
394584
394584
396360
400512
399792
399792
399792
399792
394608
394584
394584
394584
396372
400524
399792
399792
399792
399792
394620
394584
394584
394584
396672
400536
399792
399792
399792
399792
394632
394584
394584
394584
396684
400560
399792
399792
399792
399792
394644
394584
394584
394584
396696
400572
399792
399792
399792
399792
394656
394584
394584
394584
396708
400584
399792
399792
399792
399792
394668
394584
394584
394584
394572
400596
399792
399792
399792
399792
394680
394584
394584
394584
394584
399816
399792
399792
399792
399792
394692
394584
394584
394584
394584
399828
399804
399792
399792
399792
394704
394584
394584
394584
394584
399840
400488
399792
399792
399792
394716
394584
394584
394584
394584
396348
400500
399792
399792
399792
394728
394584
394584
394584
394584
396360
400512
399792
399792
399792
394740
394596
394584
394584
394584
396372
400524
399792
399792
399792
394608
394584
394584
394584
396672
400536
399792
399792
399792
394620
394584
394584
394584
396684
400560
399792
399792
399792
394632
394584
394584
394584
396696
400572
399792
399792
399792
394644
394584
394584
394584
396708
400584
399792
399792
399792
394656
394584
394584
394584
394572
400596
399792
399792
399792
394668
394584
394584
394584
394584
399816
399792
399792
399792
394680
394584
394584
394584
394584
399828
399804
399792
399792
394692
394584
394584
394584
394584
399840
400488
399792
399792
394704
394584
394584
394584
394584
396348
400500
399792
399792
394716
394584
394584
394584
394584
396360
400512
399792
399792
394728
394584
394584
394584
394584
396372
400524
399792
399792
394740
394596
394584
394584
394584
396672
400536
399792
399792
394608
394584
394584
394584
396684
400560
399792
399792
394620
394584
394584
394584
396696
400572
399792
399792
394632
394584
394584
394584
396708
400584
399792
399792
394644
394584
394584
394584
394572
400596
399792
399792
394656
394584
394584
394584
394584
399816
399792
399792
394668
394584
394584
394584
394584
399828
399804
399792
394680
394584
394584
394584
394584
399840
400488
399792
394692
394584
394584
394584
394584
396348
400500
399792
394704
394584
394584
394584
394584
396360
400512
399792
394716
394584
394584
394584
394584
396372
400524
399792
394728
394584
394584
394584
394584
396672
400536
399792
394740
394596
394584
394584
394584
396684
400560
399792
394608
394584
394584
394584
396696
400572
399792
394620
394584
394584
394584
396708
400584
399792
394632
394584
394584
394584
394572
400596
399792
394644
394584
394584
394584
394584
399816
399792
394656
394584
394584
394584
394584
399828
399804
394668
394584
394584
394584
394584
399840
400488
394680
394584
394584
394584
394584
396348
400500
394692
394584
394584
394584
394584
396360
400512
394704
394584
394584
394584
394584
396372
400524
394716
394584
394584
394584
394584
396672
400536
394728
394584
394584
394584
394584
396684
400560
394740
394596
394584
394584
394584
396696
400572
394608
394584
394584
394584
396708
400584
394620
394584
394584
394584
394572
400596
394632
394584
394584
394584
394584
399816
394644
394584
394584
394584
394584
399828
394656
394584
394584
394584
394584
399840
394668
394584
394584
394584
394584
396348
394680
394584
394584
394584
394584
396360
394692
394584
394584
394584
394584
396372
394704
394584
394584
394584
394584
396384
394716
394584
394584
394584
394584
396396
394728
394584
394584
394584
394584
396408
394740
394596
394584
394584
394584
396420
394608
394584
394584
394584
396432
394620
394584
394584
394584
396636
394632
394584
394584
394584
396648
394644
394584
394584
394584
396444
394656
394584
394584
394584
396456
394668
394584
394584
394584
396468
394680
394584
394584
394584
396480
394692
394584
394584
394584
396492
394704
394584
394584
394584
396504
394716
394584
394584
394584
396516
394728
394584
394584
394584
394740
394596
394584
394584
394608
394584
394584
394620
394584
394584
394632
394584
394584
394644
394584
394584
394656
394584
394584
394668
394584
394584
394680
394584
394584
394692
394584
394584
394704
394584
394584
394716
394584
394584
394728
394584
394584
394740
394596
394584
394608
394584
394620
394584
394632
394584
394644
394584
394656
394584
394668
394584
394680
394584
394692
394584
394704
394584
394716
394584
394728
394584
394740
394596
394608
394620
394632
394644
396528
394656
396540
394668
396552
394680
393348
394692
393360
394704
393372
394716
393384
394728
393396
394740
393408
393420
393432
393444
393396
393408
393420
393432
393444
393396
393408
393420
393432
393444
393396
393408
393420
393432
393444
393396
393408
393420
393432
393444
393396
393408
393420
393432
393444
393396
393408
393420
393432
393444
393396
393408
393420
393432
393444
393396
393408
393420
393432
393444
393396
393408
393420
393432
393444
393396
393408
393420
393432
393444
393396
393408
393420
393432
393444
393396
393408
393420
393432
393444
393396
393408
393420
393432
393444
393396
393408
393420
393432
393444
393396
393408
393420
393432
393444
393396
393408
393420
393432
393444
393396
393408
393420
393432
393444
393396
393408
393420
393432
393444
393396
393408
393420
393432
393444
393396
393408
393420
393432
393444
393396
393408
393420
393432
393444
393396
393408
393420
393432
393444
393396
393408
393420
393432
393444
393396
393408
393420
393432
393444
393396
393408
393420
393432
393444
393396
393408
393420
393432
393444
393396
393408
393420
393432
393444
393396
393408
393420
393432
393444
393396
393408
393420
393432
393444
393396
393408
393420
393432
393444
393396
393408
393420
393432
393444
393396
393408
393420
393432
393444
393396
393408
393420
393432
393444
393396
393408
393420
393432
393444
393396
393408
393420
393432
393444
393396
393408
393420
393432
393444
393396
393408
393420
393432
393444
393396
393408
393420
393432
393444
393396
393408
393420
393432
393444
393396
393408
393420
393432
393444
393396
393408
393420
393432
393444
393396
393408
393420
393432
393444
393396
393408
393420
393432
393444
393396
393408
393420
393432
393444
393396
393408
393420
393432
393444
393396
393408
393420
393432
393444
393396
393408
393420
393432
393444
393396
393408
393420
393432
393444
393396
393408
393420
393432
393444
393396
393408
393420
393432
393444
393396
393408
393420
393432
393444
393396
393408
393420
393432
393444
393396
393408
393420
393432
393444
393396
393408
393420
393432
393444
393396
393408
393420
393432
393444
393396
393408
393420
393432
393444
393396
393408
393420
393432
393444
393396
393408
393420
393432
393444
393396
393408
393420
393432
393444
393396
393408
393420
393432
393444
393396
393408
393420
393432
393444
393396
393408
393420
393432
393444
393396
393408
393420
393432
393444
393456
396564
396576
396588
396600
396612
396624
396672
396684
396696
396708
394572
394584
394596
394608
394620
394764
394776
394788
394800
394752
394812
396720
394824
397344
394836
397356
394800
397368
394752
394812
397380
396720
394824
397392
397344
394836
397404
397356
394800
397416
397368
394752
394812
393900
397380
396720
394824
393912
397392
397344
394836
393336
397404
397356
394800
394752
397416
397368
394812
396720
393900
397380
394824
397344
393912
397392
394836
397356
393336
397404
394800
397368
394752
397416
394812
397380
396720
393900
394824
397392
397344
393912
394836
397404
397356
393336
394800
397416
397368
394752
394812
393900
397380
396720
394824
393912
397392
397344
394836
393336
397404
397356
394800
394752
397416
397368
394812
396720
393900
397380
394824
397344
393912
397392
394836
397356
393336
397404
394800
397368
394752
397416
394812
397380
396720
393900
394824
397392
397344
393912
394836
397404
397356
393336
394800
397416
397368
394752
394812
393900
397380
396720
394824
393912
397392
397344
394836
393336
397404
397356
394800
394752
397416
397368
394812
396720
393900
397380
394824
397344
393912
397392
394836
397356
393336
397404
394800
397368
394752
397416
394812
397380
396720
393900
394824
397392
397344
393912
394836
397404
397356
393336
394800
397416
397368
394752
394812
393900
397380
396720
394824
393912
397392
397344
394836
393336
397404
397356
394800
394752
397416
397368
394812
396720
393900
397380
394824
397344
393912
397392
394836
397356
393336
397404
394800
397368
394752
397416
394812
397380
396720
393900
394824
397392
397344
393912
394836
397404
397356
393336
394848
397416
397368
394752
394860
393900
397380
396720
394872
393912
397392
397344
394884
393336
397404
397356
394896
397416
397368
394908
393900
397380
396720
393912
397392
396732
393336
397404
396744
397416
396756
393900
396768
393912
396780
393336
396792
396804
396816
396828
396840
396852
396864
396876
396888
396900
396912
396924
396936
396948
396960
396972
396984
396996
397008
397020
397032
397044
397056
397068
397080
397092
397104
397116
397128
397140
397152
397164
397176
397188
397200
397212
397224
397236
397248
397260
397272
397284
397296
397308
397320
397332
397344
397356
397368
397380
397392
397404
397416
393900
393912
393336
