524288
525312
526336
527360
528384
529408
530432
531456
532480
533504
534528
535552
536576
537600
538624
539648
540672
541696
542720
543744
544768
545792
546816
547840
548864
549888
550912
551936
552960
553984
555008
556032
557056
558080
559104
560128
561152
562176
563200
564224
565248
566272
567296
568320
569344
570368
571392
572416
573440
574464
575488
576512
577536
578560
579584
580608
581632
582656
583680
584704
585728
586752
587776
588800
589824
590848
591872
592896
593920
594944
595968
596992
598016
599040
600064
601088
602112
603136
604160
605184
606208
607232
608256
609280
610304
611328
612352
613376
614400
615424
616448
617472
618496
619520
620544
621568
622592
623616
624640
625664
626688
627712
628736
629760
630784
631808
632832
633856
634880
635904
636928
637952
638976
640000
641024
642048
643072
644096
645120
646144
647168
648192
649216
650240
651264
652288
653312
654336
655360
656384
657408
658432
659456
660480
661504
662528
663552
664576
665600
666624
667648
668672
669696
670720
671744
672768
673792
674816
675840
676864
677888
678912
679936
680960
681984
683008
684032
685056
686080
687104
688128
689152
690176
691200
692224
693248
694272
695296
696320
697344
698368
699392
700416
701440
702464
703488
704512
705536
706560
707584
708608
709632
710656
711680
712704
713728
714752
715776
716800
717824
718848
719872
720896
721920
722944
723968
724992
726016
727040
728064
729088
730112
731136
732160
733184
734208
735232
736256
737280
738304
739328
740352
741376
742400
743424
744448
745472
746496
747520
748544
749568
750592
751616
752640
753664
754688
755712
756736
757760
758784
759808
760832
761856
762880
763904
764928
765952
766976
768000
769024
770048
771072
772096
773120
774144
775168
776192
777216
778240
779264
780288
781312
782336
783360
784384
785408
786432
787456
788480
789504
790528
791552
792576
793600
794624
795648
796672
797696
798720
799744
800768
801792
802816
803840
804864
805888
806912
807936
808960
809984
811008
812032
813056
814080
815104
816128
817152
818176
819200
820224
821248
822272
823296
824320
825344
826368
827392
828416
829440
830464
831488
832512
833536
834560
835584
836608
837632
838656
839680
840704
841728
842752
843776
844800
845824
846848
847872
848896
849920
850944
851968
852992
854016
855040
856064
857088
858112
859136
860160
861184
862208
863232
864256
865280
866304
867328
868352
869376
870400
871424
872448
873472
874496
875520
876544
877568
878592
879616
880640
881664
882688
883712
884736
885760
886784
887808
888832
889856
890880
891904
892928
893952
894976
896000
897024
898048
899072
900096
901120
902144
903168
904192
905216
906240
907264
908288
909312
910336
911360
912384
913408
914432
915456
916480
917504
918528
919552
920576
921600
922624
923648
924672
925696
926720
927744
928768
929792
930816
931840
932864
933888
934912
935936
936960
937984
939008
940032
941056
942080
943104
944128
945152
946176
947200
948224
949248
950272
951296
952320
953344
954368
955392
956416
957440
958464
959488
960512
961536
962560
963584
964608
965632
966656
967680
968704
969728
970752
971776
972800
973824
974848
975872
976896
977920
978944
979968
980992
982016
983040
984064
985088
986112
987136
988160
989184
990208
991232
992256
993280
994304
995328
996352
997376
998400
999424
1000448
1001472
1002496
1003520
1004544
1005568
1006592
1007616
1008640
1009664
1010688
1011712
1012736
1013760
1014784
1015808
1016832
1017856
1018880
1019904
1020928
1021952
1022976
1024000
1025024
1026048
1027072
1028096
1029120
1030144
1031168
1032192
1033216
1034240
1035264
1036288
1037312
1038336
1039360
1040384
1041408
1042432
1043456
1044480
1045504
1046528
1047552
1048576
1049600
1050624
1051648
1052672
1053696
1054720
1055744
1056768
1057792
1058816
1059840
1060864
1061888
1062912
1063936
1064960
1065984
1067008
1068032
1069056
1070080
1071104
1072128
1073152
1074176
1075200
1076224
1077248
1078272
1079296
1080320
1081344
1082368
1083392
1084416
1085440
1086464
1087488
1088512
1089536
1090560
1091584
1092608
1093632
1094656
1095680
1096704
1097728
1098752
1099776
1100800
1101824
1102848
1103872
1104896
1105920
1106944
1107968
1108992
1110016
1111040
1112064
1113088
1114112
1115136
1116160
1117184
1118208
1119232
1120256
1121280
1122304
1123328
1124352
1125376
1126400
1127424
1128448
1129472
1130496
1131520
1132544
1133568
1134592
1135616
1136640
1137664
1138688
1139712
1140736
1141760
1142784
1143808
1144832
1145856
1146880
1147904
1148928
1149952
1150976
1152000
1153024
1154048
1155072
1156096
1157120
1158144
1159168
1160192
1161216
1162240
1163264
1164288
1165312
1166336
1167360
1168384
1169408
1170432
1171456
1172480
1173504
1174528
1175552
1176576
1177600
1178624
1179648
1180672
1181696
1182720
1183744
1184768
1185792
1186816
1187840
1188864
1189888
1190912
1191936
1192960
1193984
1195008
1196032
1197056
1198080
1199104
1200128
1201152
1202176
1203200
1204224
1205248
1206272
1207296
1208320
1209344
1210368
1211392
1212416
1213440
1214464
1215488
1216512
1217536
1218560
1219584
1220608
1221632
1222656
1223680
1224704
1225728
1226752
1227776
1228800
1229824
1230848
1231872
1232896
1233920
1234944
1235968
1236992
1238016
1239040
1240064
1241088
1242112
1243136
1244160
1245184
1246208
1247232
1248256
1249280
1250304
1251328
1252352
1253376
1254400
1255424
1256448
1257472
1258496
1259520
1260544
1261568
1262592
1263616
1264640
1265664
1266688
1267712
1268736
1269760
1270784
1271808
1272832
1273856
1274880
1275904
1276928
1277952
1278976
1280000
1281024
1282048
1283072
1284096
1285120
1286144
1287168
1288192
1289216
1290240
1291264
1292288
1293312
1294336
1295360
1296384
1297408
1298432
1299456
1300480
1301504
1302528
1303552
1304576
1305600
1306624
1307648
1308672
1309696
1310720
1311744
1312768
1313792
1314816
1315840
1316864
1317888
1318912
1319936
1320960
1321984
1323008
1324032
1325056
1326080
1327104
1328128
1329152
1330176
1331200
1332224
1333248
1334272
1335296
1336320
1337344
1338368
1339392
1340416
1341440
1342464
1343488
1344512
1345536
1346560
1347584
1348608
1349632
1350656
1351680
1352704
1353728
1354752
1355776
1356800
1357824
1358848
1359872
1360896
1361920
1362944
1363968
1364992
1366016
1367040
1368064
1369088
1370112
1371136
1372160
1373184
1374208
1375232
1376256
1377280
1378304
1379328
1380352
1381376
1382400
1383424
1384448
1385472
1386496
1387520
1388544
1389568
1390592
1391616
1392640
1393664
1394688
1395712
1396736
1397760
1398784
1399808
1400832
1401856
1402880
1403904
1404928
1405952
1406976
1408000
1409024
1410048
1411072
1412096
1413120
1414144
1415168
1416192
1417216
1418240
1419264
1420288
1421312
1422336
1423360
1424384
1425408
1426432
1427456
1428480
1429504
1430528
1431552
1432576
1433600
1434624
1435648
1436672
1437696
1438720
1439744
1440768
1441792
1442816
1443840
1444864
1445888
1446912
1447936
1448960
1449984
1451008
1452032
1453056
1454080
1455104
1456128
1457152
1458176
1459200
1460224
1461248
1462272
1463296
1464320
1465344
1466368
1467392
1468416
1469440
1470464
1471488
1472512
1473536
1474560
1475584
1476608
1477632
1478656
1479680
1480704
1481728
1482752
1483776
1484800
1485824
1486848
1487872
1488896
1489920
1490944
1491968
1492992
1494016
1495040
1496064
1497088
1498112
1499136
1500160
1501184
1502208
1503232
1504256
1505280
1506304
1507328
1508352
1509376
1510400
1511424
1512448
1513472
1514496
1515520
1516544
1517568
1518592
1519616
1520640
1521664
1522688
1523712
1524736
1525760
1526784
1527808
1528832
1529856
1530880
1531904
1532928
1533952
1534976
1536000
1537024
1538048
1539072
1540096
1541120
1542144
1543168
1544192
1545216
1546240
1547264
1548288
1549312
1550336
1551360
1552384
1553408
1554432
1555456
1556480
1557504
1558528
1559552
1560576
1561600
1562624
1563648
1564672
1565696
1566720
1567744
1568768
1569792
1570816
1571840
1572864
1573888
1574912
1575936
1576960
1577984
1579008
1580032
1581056
1582080
1583104
1584128
1585152
1586176
1587200
1587200
1588224
1589248
1590272
1591296
1592320
1593344
1594368
1595392
1596416
1597440
1598464
1599488
1600512
1601536
1602560
1603584
1604608
1588224
1589248
1590272
1591296
1592320
1603584
1604608
1593344
1594368
1595392
1596416
1597440
1598464
1599488
1600512
1601536
1602560
1587200
1588224
1603584
1604608
1589248
1590272
1603584
1604608
1590272
1591296
1603584
1604608
1591296
1592320
1603584
1604608
1592320
1593344
1603584
1604608
1593344
1594368
1603584
1604608
1594368
1595392
1603584
1604608
1595392
1596416
1597440
1603584
1604608
1597440
1598464
1599488
1600512
1601536
1603584
1604608
1602560
1588224
1589248
1603584
1604608
1589248
1590272
1591296
1603584
1604608
1591296
1592320
1603584
1604608
1592320
1593344
1603584
1604608
1593344
1594368
1604608
1603584
1594368
1595392
1603584
1604608
1595392
1596416
1604608
1603584
1596416
1597440
1603584
1604608
1597440
1598464
1603584
1604608
1598464
1599488
1604608
1603584
1599488
1600512
1601536
1603584
1604608
1601536
1602560
1588224
1589248
1603584
1604608
1589248
1590272
1591296
1603584
1592320
1593344
1604608
1603584
1593344
1594368
1595392
1603584
1604608
1596416
1597440
1603584
1604608
1597440
1598464
1603584
1604608
1598464
1599488
1603584
1604608
1599488
1600512
1601536
1603584
1604608
1601536
1602560
1603584
1604608
1602560
1603584
1588224
1589248
1603584
1604608
1603584
1604608
1587200
1588224
1589248
1590272
1591296
1592320
1593344
1594368
1595392
1596416
1597440
1598464
1599488
1600512
1601536
1602560
1603584
1604608
1587200
1588224
1589248
1590272
1591296
1592320
1593344
1594368
1595392
1596416
1597440
1598464
1599488
1600512
1601536
1602560
1603584
1604608
1588224
1589248
1590272
1591296
1592320
1603584
1604608
1593344
1594368
1595392
1596416
1597440
1598464
1599488
1600512
1601536
1602560
1587200
1588224
1603584
1604608
1589248
1590272
1603584
1604608
1590272
1591296
1603584
1604608
1591296
1592320
1603584
1604608
1592320
1593344
1603584
1604608
1593344
1594368
1603584
1604608
1594368
1595392
1603584
1604608
1595392
1596416
1597440
1603584
1604608
1597440
1598464
1599488
1600512
1601536
1603584
1604608
1602560
1588224
1589248
1603584
1604608
1589248
1590272
1591296
1603584
1604608
1591296
1592320
1603584
1604608
1592320
1593344
1603584
1604608
1593344
1594368
1604608
1603584
1594368
1595392
1603584
1604608
1595392
1596416
1604608
1603584
1596416
1597440
1603584
1604608
1597440
1598464
1603584
1604608
1598464
1599488
1604608
1603584
1599488
1600512
1603584
1604608
1600512
1601536
1604608
1603584
1604608
1601536
1602560
1603584
1588224
1589248
1604608
1590272
1591296
1603584
1592320
1593344
1604608
1603584
1593344
1594368
1595392
1603584
1604608
1596416
1597440
1603584
1604608
1597440
1598464
1603584
1604608
1598464
1599488
1603584
1604608
1599488
1600512
1603584
1604608
1600512
1601536
1603584
1604608
1601536
1602560
1603584
1604608
1602560
1603584
1604608
1588224
1589248
1603584
1604608
1603584
1604608
1587200
1588224
1589248
1590272
1591296
1592320
1593344
1594368
1595392
1596416
1597440
1598464
1599488
1600512
1601536
1602560
1603584
1604608
1587200
1588224
1589248
1590272
1591296
1592320
1593344
1594368
1595392
1596416
1597440
1598464
1599488
1600512
1601536
1602560
1603584
1604608
1588224
1589248
1590272
1591296
1592320
1603584
1604608
1593344
1594368
1595392
1596416
1597440
1598464
1599488
1600512
1601536
1602560
1587200
1588224
1603584
1604608
1589248
1590272
1603584
1604608
1590272
1591296
1603584
1604608
1591296
1592320
1603584
1604608
1592320
1593344
1603584
1604608
1593344
1594368
1603584
1604608
1594368
1595392
1603584
1604608
1595392
1596416
1597440
1603584
1604608
1597440
1598464
1599488
1600512
1601536
1603584
1604608
1602560
1588224
1589248
1603584
1604608
1589248
1590272
1591296
1603584
1604608
1591296
1592320
1603584
1604608
1592320
1593344
1603584
1604608
1593344
1594368
1604608
1603584
1594368
1595392
1603584
1604608
1595392
1596416
1604608
1603584
1596416
1597440
1603584
1604608
1597440
1598464
1603584
1604608
1598464
1599488
1604608
1603584
1599488
1600512
1601536
1603584
1604608
1601536
1602560
1588224
1589248
1603584
1604608
1589248
1590272
1591296
1603584
1592320
1593344
1604608
1603584
1594368
1595392
1596416
1603584
1604608
1596416
1597440
1603584
1604608
1597440
1598464
1603584
1604608
1598464
1599488
1603584
1604608
1599488
1600512
1601536
1603584
1604608
1601536
1602560
1603584
1604608
1602560
1603584
1588224
1589248
1603584
1604608
1603584
1604608
1587200
1588224
1589248
1590272
1591296
1592320
1593344
1594368
1595392
1596416
1597440
1598464
1599488
1600512
1601536
1602560
1603584
1604608
