512
512
512
512
516
516
516
516
520
520
520
520
524
524
524
524
528
528
528
528
532
532
532
532
536
536
536
536
540
540
540
540
544
544
544
544
548
548
548
548
552
552
552
552
556
556
556
556
560
560
560
560
564
564
564
564
568
568
568
568
572
572
572
572
576
576
576
576
580
580
580
580
584
584
584
584
588
588
588
588
592
592
592
592
596
596
596
596
600
600
600
600
604
604
604
604
608
608
608
608
612
612
612
612
616
616
616
616
620
620
620
620
624
624
624
624
628
628
628
628
632
632
632
632
636
636
636
636
640
640
640
640
644
644
644
644
648
648
648
648
652
652
652
652
656
656
656
656
660
660
660
660
664
664
664
664
668
668
668
668
672
672
672
672
676
676
676
676
680
680
680
680
684
684
684
684
688
688
688
688
692
692
692
692
696
696
696
696
700
700
700
700
704
704
704
704
708
708
708
708
712
712
712
712
716
716
716
716
720
720
720
720
724
724
724
724
728
728
728
728
732
732
732
732
736
736
736
736
740
740
740
740
744
744
744
744
748
748
748
748
752
752
752
752
756
756
756
756
760
760
760
760
764
764
764
764
768
768
768
768
772
772
772
772
776
776
776
776
780
780
780
780
784
784
784
784
788
788
788
788
792
792
792
792
796
796
796
796
800
800
800
800
804
804
804
804
808
808
808
808
812
812
812
812
816
816
816
816
820
820
820
820
824
824
824
824
828
828
828
828
832
832
832
832
836
836
836
836
840
840
840
840
844
844
844
844
848
848
848
848
852
852
852
852
856
856
856
856
860
860
860
860
864
864
864
864
868
868
868
868
872
872
872
872
876
876
876
876
880
880
880
880
884
884
884
884
888
888
888
888
892
892
892
892
896
896
896
896
900
900
900
900
904
904
904
904
908
908
908
908
912
912
912
912
916
916
916
916
920
920
920
920
924
924
924
924
928
928
928
928
932
932
932
932
936
936
936
936
940
940
940
940
944
944
944
944
948
948
948
948
952
952
952
952
956
956
956
956
960
960
960
960
964
964
964
964
968
968
968
968
972
972
972
972
976
976
976
976
980
980
980
980
984
984
984
984
988
988
988
988
992
992
992
992
996
996
996
996
1000
1000
1000
1000
1004
1004
1004
1004
1008
1008
1008
1008
1012
1012
1012
1012
1016
1016
1016
1016
1020
1020
1020
1020
1024
1024
1024
1024
1028
1028
1028
1028
1032
1032
1032
1032
1036
1036
1036
1036
1040
1040
1040
1040
1044
1044
1044
1044
1048
1048
1048
1048
1052
1052
1052
1052
1056
1056
1056
1056
1060
1060
1060
1060
1064
1064
1064
1064
1068
1068
1068
1068
1072
1072
1072
1072
1076
1076
1076
1076
1080
1080
1080
1080
1084
1084
1084
1084
1088
1088
1088
1088
1092
1092
1092
1092
1096
1096
1096
1096
1100
1100
1100
1100
1104
1104
1104
1104
1108
1108
1108
1108
1112
1112
1112
1112
1116
1116
1116
1116
1120
1120
1120
1120
1124
1124
1124
1124
1128
1128
1128
1128
1132
1132
1132
1132
1136
1136
1136
1136
1140
1140
1140
1140
1144
1144
1144
1144
1148
1148
1148
1148
1152
1152
1152
1152
1156
1156
1156
1156
1160
1160
1160
1160
1164
1164
1164
1164
1168
1168
1168
1168
1172
1172
1172
1172
1176
1176
1176
1176
1180
1180
1180
1180
1184
1184
1184
1184
1188
1188
1188
1188
1192
1192
1192
1192
1196
1196
1196
1196
1200
1200
1200
1200
1204
1204
1204
1204
1208
1208
1208
1208
1212
1212
1212
1212
1216
1216
1216
1216
1220
1220
1220
1220
1224
1224
1224
1224
1228
1228
1228
1228
1232
1232
1232
1232
1236
1236
1236
1236
1240
1240
1240
1240
1244
1244
1244
1244
1248
1248
1248
1248
1252
1252
1252
1252
1256
1256
1256
1256
1260
1260
1260
1260
1264
1264
1264
1264
1268
1268
1268
1268
1272
1272
1272
1272
1276
1276
1276
1276
1280
1280
1280
1280
1284
1284
1284
1284
1288
1288
1288
1288
1292
1292
1292
1292
1296
1296
1296
1296
1300
1300
1300
1300
1304
1304
1304
1304
1308
1308
1308
1308
1312
1312
1312
1312
1316
1316
1316
1316
1320
1320
1320
1320
1324
1324
1324
1324
1328
1328
1328
1328
1332
1332
1332
1332
1336
1336
1336
1336
1340
1340
1340
1340
1344
1344
1344
1344
1348
1348
1348
1348
1352
1352
1352
1352
1356
1356
1356
1356
1360
1360
1360
1360
1364
1364
1364
1364
1368
1368
1368
1368
1372
1372
1372
1372
1376
1376
1376
1376
1380
1380
1380
1380
1384
1384
1384
1384
1388
1388
1388
1388
1392
1392
1392
1392
1396
1396
1396
1396
1400
1400
1400
1400
1404
1404
1404
1404
1408
1408
1408
1408
1412
1412
1412
1412
1416
1416
1416
1416
1420
1420
1420
1420
1424
1424
1424
1424
1428
1428
1428
1428
1432
1432
1432
1432
1436
1436
1436
1436
1440
1440
1440
1440
1444
1444
1444
1444
1448
1448
1448
1448
1452
1452
1452
1452
1456
1456
1456
1456
1460
1460
1460
1460
1464
1464
1464
1464
1468
1468
1468
1468
1472
1472
1472
1472
1204
1204
1204
1204
1208
1208
1208
1208
1212
1212
1212
1212
1216
1216
1216
1216
620
620
620
620
616
616
616
616
968
968
968
968
964
964
964
964
1480
1480
1480
1480
1476
1476
1476
1476
976
976
976
976
972
972
972
972
3528
3528
3528
3528
3524
3524
3524
3524
984
984
984
984
980
980
980
980
1208
1208
1208
1208
5576
5576
5576
5576
5572
5572
5572
5572
992
992
992
992
988
988
988
988
1192
1192
1192
1192
1208
1208
1208
1208
7624
7624
7624
7624
7620
7620
7620
7620
1000
1000
1000
1000
996
996
996
996
1520
1520
1520
1520
1516
1516
1516
1516
1192
1192
1192
1192
1208
1208
1208
1208
9672
9672
9672
9672
9668
9668
9668
9668
1008
1008
1008
1008
1004
1004
1004
1004
1512
1512
1512
1512
1508
1508
1508
1508
3568
3568
3568
3568
3564
3564
3564
3564
1192
1192
1192
1192
1208
1208
1208
1208
1504
1504
1504
1504
1500
1500
1500
1500
11720
11720
11720
11720
11716
11716
11716
11716
1016
1016
1016
1016
1012
1012
1012
1012
1496
1496
1496
1496
1492
1492
1492
1492
3560
3560
3560
3560
3556
3556
3556
3556
5616
5616
5616
5616
5612
5612
5612
5612
1192
1192
1192
1192
1208
1208
1208
1208
1488
1488
1488
1488
1484
1484
1484
1484
3552
3552
3552
3552
3548
3548
3548
3548
13768
13768
13768
13768
13764
13764
13764
13764
1024
1024
1024
1024
1020
1020
1020
1020
3544
3544
3544
3544
3540
3540
3540
3540
5608
5608
5608
5608
5604
5604
5604
5604
7664
7664
7664
7664
7660
7660
7660
7660
1192
1192
1192
1192
1208
1208
1208
1208
3536
3536
3536
3536
3532
3532
3532
3532
5600
5600
5600
5600
5596
5596
5596
5596
15816
15816
15816
15816
15812
15812
15812
15812
1032
1032
1032
1032
1028
1028
1028
1028
5592
5592
5592
5592
5588
5588
5588
5588
7656
7656
7656
7656
7652
7652
7652
7652
9712
9712
9712
9712
9708
9708
9708
9708
1192
1192
1192
1192
1208
1208
1208
1208
5584
5584
5584
5584
5580
5580
5580
5580
7648
7648
7648
7648
7644
7644
7644
7644
17864
17864
17864
17864
17860
17860
17860
17860
1040
1040
1040
1040
1036
1036
1036
1036
1156
1156
1156
1156
7640
7640
7640
7640
7636
7636
7636
7636
9704
9704
9704
9704
9700
9700
9700
9700
11760
11760
11760
11760
11756
11756
11756
11756
1192
1192
1192
1192
1208
1208
1208
1208
1164
7632
7632
7632
7632
7628
7628
7628
7628
9696
9696
9696
9696
9692
9692
9692
9692
19912
19912
19912
19912
19908
19908
19908
19908
1048
1048
1048
1048
1044
1044
1044
1044
9688
9688
9688
9688
9684
9684
9684
9684
11752
11752
11752
11752
11748
11748
11748
11748
13808
13808
13808
13808
13804
13804
13804
13804
1192
1192
1192
1192
1208
1208
1208
1208
1164
1164
9680
9680
9680
9680
9676
9676
9676
9676
11744
11744
11744
11744
11740
11740
11740
11740
21960
21960
21960
21960
21956
21956
21956
21956
1056
1056
1056
1056
1052
1052
1052
1052
1164
11736
11736
11736
11736
11732
11732
11732
11732
13800
13800
13800
13800
13796
13796
13796
13796
15856
15856
15856
15856
15852
15852
15852
15852
1192
1192
1192
1192
1208
1208
1208
1208
1164
1164
11728
11728
11728
11728
11724
11724
11724
11724
13792
13792
13792
13792
13788
13788
13788
13788
24008
24008
24008
24008
24004
24004
24004
24004
1064
1064
1064
1064
1060
1060
1060
1060
13784
13784
13784
13784
13780
13780
13780
13780
15848
15848
15848
15848
15844
15844
15844
15844
17904
17904
17904
17904
17900
17900
17900
17900
1192
1192
1192
1192
1208
1208
1208
1208
1164
13776
13776
13776
13776
13772
13772
13772
13772
15840
15840
15840
15840
15836
15836
15836
15836
26056
26056
26056
26056
26052
26052
26052
26052
1072
1072
1072
1072
1068
1068
1068
1068
1168
15832
15832
15832
15832
15828
15828
15828
15828
17896
17896
17896
17896
17892
17892
17892
17892
19952
19952
19952
19952
19948
19948
19948
19948
1192
1192
1192
1192
1208
1208
1208
1208
1164
15824
15824
15824
15824
15820
15820
15820
15820
17888
17888
17888
17888
17884
17884
17884
17884
28104
28104
28104
28104
28100
28100
28100
28100
1080
1080
1080
1080
1076
1076
1076
1076
1164
17880
17880
17880
17880
17876
17876
17876
17876
19944
19944
19944
19944
19940
19940
19940
19940
22000
22000
22000
22000
21996
21996
21996
21996
1192
1192
1192
1192
1208
1208
1208
1208
1088
1088
1088
1088
1084
1084
1084
1084
1164
17872
17872
17872
17872
17868
17868
17868
17868
19936
19936
19936
19936
19932
19932
19932
19932
30152
30152
30152
30152
30148
30148
30148
30148
1164
19928
19928
19928
19928
19924
19924
19924
19924
21992
21992
21992
21992
21988
21988
21988
21988
24048
24048
24048
24048
24044
24044
24044
24044
1192
1192
1192
1192
1208
1208
1208
1208
32200
32200
32200
32200
32196
32196
32196
32196
1164
19920
19920
19920
19920
19916
19916
19916
19916
21984
21984
21984
21984
21980
21980
21980
21980
1164
21976
21976
21976
21976
21972
21972
21972
21972
24040
24040
24040
24040
24036
24036
24036
24036
26096
26096
26096
26096
26092
26092
26092
26092
1192
1192
1192
1192
1208
1208
1208
1208
1164
1164
21968
21968
21968
21968
21964
21964
21964
21964
24032
24032
24032
24032
24028
24028
24028
24028
1208
1208
1208
1208
24024
24024
24024
24024
24020
24020
24020
24020
26088
26088
26088
26088
26084
26084
26084
26084
28144
28144
28144
28144
28140
28140
28140
28140
1192
1192
1192
1192
1164
24016
24016
24016
24016
24012
24012
24012
24012
26080
26080
26080
26080
26076
26076
26076
26076
1192
1192
1192
1192
26072
26072
26072
26072
26068
26068
26068
26068
28136
28136
28136
28136
28132
28132
28132
28132
30192
30192
30192
30192
30188
30188
30188
30188
1168
1164
26064
26064
26064
26064
26060
26060
26060
26060
28128
28128
28128
28128
28124
28124
28124
28124
32240
32240
32240
32240
32236
32236
32236
32236
1168
28120
28120
28120
28120
28116
28116
28116
28116
30184
30184
30184
30184
30180
30180
30180
30180
1168
1164
28112
28112
28112
28112
28108
28108
28108
28108
30176
30176
30176
30176
30172
30172
30172
30172
32232
32232
32232
32232
32228
32228
32228
32228
1164
30168
30168
30168
30168
30164
30164
30164
30164
32224
32224
32224
32224
32220
32220
32220
32220
1164
30160
30160
30160
30160
30156
30156
30156
30156
32216
32216
32216
32216
32212
32212
32212
32212
1164
32208
32208
32208
32208
32204
32204
32204
32204
1164
1164
1164
1164
1164
1168
1168
1168
1164
1164
1164
1164
1168
1172
1168
1164
1164
1164
1164
1172
1172
1172
1164
1164
1164
1164
1172
1172
1172
1164
1164
1164
1164
1172
1172
1172
1164
1164
1164
1164
1172
1176
1172
1164
1164
1164
1164
1176
1176
1176
1164
1164
1164
1164
1176
1176
1176
1164
1164
1164
1164
1176
1176
1176
1164
1164
1164
1164
1176
1180
1176
1164
1164
1164
1164
1180
1180
1180
1164
1164
1164
1164
1180
1180
1180
1164
1164
1164
1164
1180
1180
1180
1164
1164
1164
1164
1180
1204
1204
1204
1204
1168
3576
3576
3576
3576
3572
3572
3572
3572
1204
1204
1204
1204
1168
1156
1156
1156
1156
5624
5624
5624
5624
5620
5620
5620
5620
1204
1204
1204
1204
1168
7672
7672
7672
7672
7668
7668
7668
7668
1204
1204
1204
1204
1172
51780
1156
1156
1156
1156
9720
9720
9720
9720
9716
9716
9716
9716
1204
1204
1204
1204
1172
3576
3576
3576
3576
3572
3572
3572
3572
1156
1156
1156
1156
1204
1204
1204
1204
11768
11768
11768
11768
11764
11764
11764
11764
1172
836
836
836
836
832
832
832
832
52804
13816
13816
13816
13816
13812
13812
13812
13812
1204
1204
1204
1204
1172
1156
1156
1156
1156
1164
1204
1204
1204
1204
15864
15864
15864
15864
15860
15860
15860
15860
1176
5624
5624
5624
5624
5620
5620
5620
5620
1156
1156
1156
1156
17912
17912
17912
17912
17908
17908
17908
17908
1204
1204
1204
1204
1176
844
844
844
844
840
840
840
840
53828
1156
1156
1156
1156
19960
19960
19960
19960
19956
19956
19956
19956
1204
1204
1204
1204
1176
1164
7672
7672
7672
7672
7668
7668
7668
7668
22008
22008
22008
22008
22004
22004
22004
22004
1204
1204
1204
1204
1176
1156
1156
1156
1156
24056
24056
24056
24056
24052
24052
24052
24052
1204
1204
1204
1204
1180
852
852
852
852
848
848
848
848
54852
1156
1156
1156
1156
26104
26104
26104
26104
26100
26100
26100
26100
1204
1204
1204
1204
1180
1164
9720
9720
9720
9720
9716
9716
9716
9716
1156
1156
1156
1156
28152
28152
28152
28152
28148
28148
28148
28148
1204
1204
1204
1204
1180
1164
30200
30200
30200
30200
30196
30196
30196
30196
1204
1204
1204
1204
1164
860
860
860
860
856
856
856
856
55876
1164
1156
1156
1156
1156
1164
1164
32248
32248
32248
32248
32244
32244
32244
32244
1204
1204
1204
1204
1164
11768
11768
11768
11768
11764
11764
11764
11764
1156
1156
1156
1156
1528
1528
1528
1528
1524
1524
1524
1524
1168
1164
868
868
868
868
864
864
864
864
56900
1164
1156
1156
1156
1156
1164
1164
1164
13816
13816
13816
13816
13812
13812
13812
13812
1156
1156
1156
1156
1168
1168
1168
1164
876
876
876
876
872
872
872
872
57924
1156
1156
1156
1156
1164
1164
1164
1164
15864
15864
15864
15864
15860
15860
15860
15860
1156
1156
1156
1156
1168
1168
1168
884
884
884
884
880
880
880
880
58948
1164
1156
1156
1156
1156
1164
1164
1164
17912
17912
17912
17912
17908
17908
17908
17908
1164
1156
1156
1156
1156
1168
1172
892
892
892
892
888
888
888
888
59972
1168
1156
1156
1156
1156
1164
1164
1164
19960
19960
19960
19960
19956
19956
19956
19956
1164
1156
1156
1156
1156
1164
1172
900
900
900
900
896
896
896
896
60996
1172
1156
1156
1156
1156
1172
1164
1164
1164
22008
22008
22008
22008
22004
22004
22004
22004
1156
1156
1156
1156
1164
1164
908
908
908
908
904
904
904
904
62020
1172
1156
1156
1156
1156
1172
1172
1164
1164
24056
24056
24056
24056
24052
24052
24052
24052
1164
1156
1156
1156
1156
1164
1164
916
916
916
916
912
912
912
912
63044
1156
1156
1156
1156
1172
1172
1164
1172
1164
26104
26104
26104
26104
26100
26100
26100
26100
1156
1156
1156
1156
1164
1164
1164
924
924
924
924
920
920
920
920
64068
1156
1156
1156
1156
1172
1164
1176
1172
28152
28152
28152
28152
28148
28148
28148
28148
1164
1156
1156
1156
1156
1164
1164
1164
932
932
932
932
928
928
928
928
65092
1156
1156
1156
1156
1164
1176
1176
30200
30200
30200
30200
30196
30196
30196
30196
1176
1156
1156
1156
1156
1164
1164
1164
940
940
940
940
936
936
936
936
66116
1164
1156
1156
1156
1156
1164
1176
32248
32248
32248
32248
32244
32244
32244
32244
1176
1156
1156
1156
1156
1176
1164
1164
948
948
948
948
944
944
944
944
67140
1164
1156
1156
1156
1156
1164
1164
1528
1528
1528
1528
1524
1524
1524
1524
1176
1176
1176
1164
1164
1164
1164
1176
1180
1176
1164
1164
1164
1164
1180
1180
1180
1164
1164
1164
1164
1180
1180
1180
1164
1164
1164
1164
66120
66120
66120
66120
66124
66124
66124
66124
66128
66128
66128
66128
66132
66132
66132
66132
66136
66136
66136
66136
66140
66140
66140
66140
66144
66144
66144
66144
66148
66148
66148
66148
66152
66152
66152
66152
66156
66156
66156
66156
66160
66160
66160
66160
66164
66164
66164
66164
66168
66168
66168
66168
66172
66172
66172
66172
66176
66176
66176
66176
66180
66180
66180
66180
66184
66184
66184
66184
66188
66188
66188
66188
66192
66192
66192
66192
66196
66196
66196
66196
66200
66200
66200
66200
66204
66204
66204
66204
66208
66208
66208
66208
66212
66212
66212
66212
66216
66216
66216
66216
66220
66220
66220
66220
66224
66224
66224
66224
66228
66228
66228
66228
66232
66232
66232
66232
66236
66236
66236
66236
66240
66240
66240
66240
66244
66244
66244
66244
66248
66248
66248
66248
66252
66252
66252
66252
66256
66256
66256
66256
66260
66260
66260
66260
66264
66264
66264
66264
66268
66268
66268
66268
66272
66272
66272
66272
66276
66276
66276
66276
66280
66280
66280
66280
66284
66284
66284
66284
66288
66288
66288
66288
66292
66292
66292
66292
66296
66296
66296
66296
66300
66300
66300
66300
66304
66304
66304
66304
66308
66308
66308
66308
66312
66312
66312
66312
66316
66316
66316
66316
66320
66320
66320
66320
66324
66324
66324
66324
66328
66328
66328
66328
66332
66332
66332
66332
66336
66336
66336
66336
66340
66340
66340
66340
66344
66344
66344
66344
66348
66348
66348
66348
66352
66352
66352
66352
66356
66356
66356
66356
66360
66360
66360
66360
66364
66364
66364
66364
66368
66368
66368
66368
66372
66372
66372
66372
66376
66376
66376
66376
66380
66380
66380
66380
66384
66384
66384
66384
66388
66388
66388
66388
66392
66392
66392
66392
66396
66396
66396
66396
66400
66400
66400
66400
66404
66404
66404
66404
66408
66408
66408
66408
66412
66412
66412
66412
66416
66416
66416
66416
66420
66420
66420
66420
66424
66424
66424
66424
66428
66428
66428
66428
66432
66432
66432
66432
66436
66436
66436
66436
66440
66440
66440
66440
66444
66444
66444
66444
66448
66448
66448
66448
66452
66452
66452
66452
66456
66456
66456
66456
66460
66460
66460
66460
66464
66464
66464
66464
66468
66468
66468
66468
66472
66472
66472
66472
66476
66476
66476
66476
66480
66480
66480
66480
66484
66484
66484
66484
66488
66488
66488
66488
66492
66492
66492
66492
66496
66496
66496
66496
66500
66500
66500
66500
66504
66504
66504
66504
66508
66508
66508
66508
66512
66512
66512
66512
66516
66516
66516
66516
66520
66520
66520
66520
66524
66524
66524
66524
66528
66528
66528
66528
66532
66532
66532
66532
66536
66536
66536
66536
66540
66540
66540
66540
66544
66544
66544
66544
66548
66548
66548
66548
66552
66552
66552
66552
66556
66556
66556
66556
66560
66560
66560
66560
66564
66564
66564
66564
66568
66568
66568
66568
66572
66572
66572
66572
66576
66576
66576
66576
66580
66580
66580
66580
66584
66584
66584
66584
66588
66588
66588
66588
66592
66592
66592
66592
66596
66596
66596
66596
66600
66600
66600
66600
66604
66604
66604
66604
66608
66608
66608
66608
66612
66612
66612
66612
66616
66616
66616
66616
66620
66620
66620
66620
66624
66624
66624
66624
66628
66628
66628
66628
1180
1180
1180
1164
1164
66124
66124
66124
66124
66120
66120
66120
66120
66132
66132
66132
66132
66128
66128
66128
66128
66140
66140
66140
66140
66136
66136
66136
66136
66148
66148
66148
66148
66144
66144
66144
66144
66156
66156
66156
66156
66152
66152
66152
66152
66164
66164
66164
66164
66160
66160
66160
66160
66172
66172
66172
66172
66168
66168
66168
66168
66180
66180
66180
66180
66176
66176
66176
66176
66188
66188
66188
66188
66184
66184
66184
66184
66196
66196
66196
66196
66192
66192
66192
66192
66204
66204
66204
66204
66200
66200
66200
66200
66212
66212
66212
66212
66208
66208
66208
66208
66220
66220
66220
66220
66216
66216
66216
66216
66228
66228
66228
66228
66224
66224
66224
66224
66236
66236
66236
66236
66232
66232
66232
66232
66244
66244
66244
66244
66240
66240
66240
66240
66252
66252
66252
66252
66248
66248
66248
66248
66260
66260
66260
66260
66256
66256
66256
66256
66268
66268
66268
66268
66264
66264
66264
66264
66276
66276
66276
66276
66272
66272
66272
66272
66284
66284
66284
66284
66280
66280
66280
66280
66292
66292
66292
66292
66288
66288
66288
66288
66300
66300
66300
66300
66296
66296
66296
66296
66308
66308
66308
66308
66304
66304
66304
66304
66316
66316
66316
66316
66312
66312
66312
66312
66324
66324
66324
66324
66320
66320
66320
66320
66332
66332
66332
66332
66328
66328
66328
66328
66340
66340
66340
66340
66336
66336
66336
66336
66348
66348
66348
66348
66344
66344
66344
66344
66356
66356
66356
66356
66352
66352
66352
66352
66364
66364
66364
66364
66360
66360
66360
66360
66372
66372
66372
66372
66368
66368
66368
66368
66380
66380
66380
66380
66376
66376
66376
66376
66388
66388
66388
66388
66384
66384
66384
66384
66396
66396
66396
66396
66392
66392
66392
66392
66404
66404
66404
66404
66400
66400
66400
66400
66412
66412
66412
66412
66408
66408
66408
66408
66420
66420
66420
66420
66416
66416
66416
66416
66428
66428
66428
66428
66424
66424
66424
66424
66436
66436
66436
66436
66432
66432
66432
66432
66444
66444
66444
66444
66440
66440
66440
66440
66452
66452
66452
66452
66448
66448
66448
66448
66460
66460
66460
66460
66456
66456
66456
66456
66468
66468
66468
66468
66464
66464
66464
66464
66476
66476
66476
66476
66472
66472
66472
66472
66484
66484
66484
66484
66480
66480
66480
66480
66492
66492
66492
66492
66488
66488
66488
66488
66500
66500
66500
66500
66496
66496
66496
66496
66508
66508
66508
66508
66504
66504
66504
66504
66516
66516
66516
66516
66512
66512
66512
66512
66524
66524
66524
66524
66520
66520
66520
66520
66532
66532
66532
66532
66528
66528
66528
66528
66540
66540
66540
66540
66536
66536
66536
66536
66548
66548
66548
66548
66544
66544
66544
66544
66556
66556
66556
66556
66552
66552
66552
66552
66564
66564
66564
66564
66560
66560
66560
66560
66572
66572
66572
66572
66568
66568
66568
66568
66580
66580
66580
66580
66576
66576
66576
66576
66588
66588
66588
66588
66584
66584
66584
66584
66596
66596
66596
66596
66592
66592
66592
66592
66604
66604
66604
66604
66600
66600
66600
66600
66612
66612
66612
66612
66608
66608
66608
66608
66620
66620
66620
66620
66616
66616
66616
66616
66628
66628
66628
66628
66624
66624
66624
66624
828
828
828
828
824
824
824
824
1164
1164
1164
1180
1168
3536
3536
3536
3536
3532
3532
3532
3532
3544
3544
3544
3544
3540
3540
3540
3540
3552
3552
3552
3552
3548
3548
3548
3548
1168
3560
3560
3560
3560
3556
3556
3556
3556
3568
3568
3568
3568
3564
3564
3564
3564
5584
5584
5584
5584
5580
5580
5580
5580
5592
5592
5592
5592
5588
5588
5588
5588
3528
3528
3528
3528
3524
3524
3524
3524
5600
5600
5600
5600
5596
5596
5596
5596
1168
5608
5608
5608
5608
5604
5604
5604
5604
5616
5616
5616
5616
5612
5612
5612
5612
7632
7632
7632
7632
7628
7628
7628
7628
7640
7640
7640
7640
7636
7636
7636
7636
5576
5576
5576
5576
5572
5572
5572
5572
7648
7648
7648
7648
7644
7644
7644
7644
1172
7656
7656
7656
7656
7652
7652
7652
7652
9680
9680
9680
9680
9676
9676
9676
9676
7664
7664
7664
7664
7660
7660
7660
7660
9688
9688
9688
9688
9684
9684
9684
9684
9696
9696
9696
9696
9692
9692
9692
9692
7624
7624
7624
7624
7620
7620
7620
7620
1172
9704
9704
9704
9704
9700
9700
9700
9700
9712
9712
9712
9712
9708
9708
9708
9708
11728
11728
11728
11728
11724
11724
11724
11724
11736
11736
11736
11736
11732
11732
11732
11732
9672
9672
9672
9672
9668
9668
9668
9668
11744
11744
11744
11744
11740
11740
11740
11740
1172
11752
11752
11752
11752
11748
11748
11748
11748
11760
11760
11760
11760
11756
11756
11756
11756
13776
13776
13776
13776
13772
13772
13772
13772
13784
13784
13784
13784
13780
13780
13780
13780
11720
11720
11720
11720
11716
11716
11716
11716
13792
13792
13792
13792
13788
13788
13788
13788
1172
13800
13800
13800
13800
13796
13796
13796
13796
15824
15824
15824
15824
15820
15820
15820
15820
13808
13808
13808
13808
13804
13804
13804
13804
15832
15832
15832
15832
15828
15828
15828
15828
15840
15840
15840
15840
15836
15836
15836
15836
13768
13768
13768
13768
13764
13764
13764
13764
1176
15848
15848
15848
15848
15844
15844
15844
15844
15856
15856
15856
15856
15852
15852
15852
15852
17872
17872
17872
17872
17868
17868
17868
17868
17880
17880
17880
17880
17876
17876
17876
17876
15816
15816
15816
15816
15812
15812
15812
15812
17888
17888
17888
17888
17884
17884
17884
17884
1176
17896
17896
17896
17896
17892
17892
17892
17892
17904
17904
17904
17904
17900
17900
17900
17900
19920
19920
19920
19920
19916
19916
19916
19916
19928
19928
19928
19928
19924
19924
19924
19924
17864
17864
17864
17864
17860
17860
17860
17860
19936
19936
19936
19936
19932
19932
19932
19932
1176
19944
19944
19944
19944
19940
19940
19940
19940
21968
21968
21968
21968
21964
21964
21964
21964
19952
19952
19952
19952
19948
19948
19948
19948
21976
21976
21976
21976
21972
21972
21972
21972
21984
21984
21984
21984
21980
21980
21980
21980
19912
19912
19912
19912
19908
19908
19908
19908
1176
21992
21992
21992
21992
21988
21988
21988
21988
22000
22000
22000
22000
21996
21996
21996
21996
24016
24016
24016
24016
24012
24012
24012
24012
24024
24024
24024
24024
24020
24020
24020
24020
21960
21960
21960
21960
21956
21956
21956
21956
24032
24032
24032
24032
24028
24028
24028
24028
1180
24040
24040
24040
24040
24036
24036
24036
24036
24048
24048
24048
24048
24044
24044
24044
24044
26064
26064
26064
26064
26060
26060
26060
26060
26072
26072
26072
26072
26068
26068
26068
26068
24008
24008
24008
24008
24004
24004
24004
24004
26080
26080
26080
26080
26076
26076
26076
26076
1180
26088
26088
26088
26088
26084
26084
26084
26084
28112
28112
28112
28112
28108
28108
28108
28108
26096
26096
26096
26096
26092
26092
26092
26092
28120
28120
28120
28120
28116
28116
28116
28116
28128
28128
28128
28128
28124
28124
28124
28124
26056
26056
26056
26056
26052
26052
26052
26052
1180
28136
28136
28136
28136
28132
28132
28132
28132
28144
28144
28144
28144
28140
28140
28140
28140
30160
30160
30160
30160
30156
30156
30156
30156
30168
30168
30168
30168
30164
30164
30164
30164
1164
28104
28104
28104
28104
28100
28100
28100
28100
30176
30176
30176
30176
30172
30172
30172
30172
1164
30184
30184
30184
30184
30180
30180
30180
30180
1164
30192
30192
30192
30192
30188
30188
30188
30188
32208
32208
32208
32208
32204
32204
32204
32204
32216
32216
32216
32216
32212
32212
32212
32212
30152
30152
30152
30152
30148
30148
30148
30148
32224
32224
32224
32224
32220
32220
32220
32220
32232
32232
32232
32232
32228
32228
32228
32228
828
828
828
828
824
824
824
824
32240
32240
32240
32240
32236
32236
32236
32236
836
836
836
836
832
832
832
832
32200
32200
32200
32200
32196
32196
32196
32196
844
844
844
844
840
840
840
840
852
852
852
852
848
848
848
848
860
860
860
860
856
856
856
856
868
868
868
868
864
864
864
864
876
876
876
876
872
872
872
872
884
884
884
884
880
880
880
880
892
892
892
892
888
888
888
888
900
900
900
900
896
896
896
896
908
908
908
908
904
904
904
904
916
916
916
916
912
912
912
912
924
924
924
924
920
920
920
920
932
932
932
932
928
928
928
928
940
940
940
940
936
936
936
936
948
948
948
948
944
944
944
944
828
828
828
828
824
824
824
824
828
828
828
828
824
824
824
824
1232
1232
1232
1232
1228
1228
1228
1228
1488
1488
1488
1488
1484
1484
1484
1484
1496
1496
1496
1496
1492
1492
1492
1492
1504
1504
1504
1504
1500
1500
1500
1500
1512
1512
1512
1512
1508
1508
1508
1508
1520
1520
1520
1520
1516
1516
1516
1516
1480
1480
1480
1480
1476
1476
1476
1476
1220
1220
1220
1220
1224
1224
1224
1224
1228
1228
1228
1228
1232
1232
1232
1232
1236
1236
1236
1236
1240
1240
1240
1240
1244
1244
1244
1244
1248
1248
1248
1248
1252
1252
1252
1252
1256
1256
1256
1256
1260
1260
1260
1260
1264
1264
1264
1264
1268
1268
1268
1268
1272
1272
1272
1272
1276
1276
1276
1276
1280
1280
1280
1280
1284
1284
1284
1284
1288
1288
1288
1288
1292
1292
1292
1292
1296
1296
1296
1296
1300
1300
1300
1300
1304
1304
1304
1304
1308
1308
1308
1308
1312
1312
1312
1312
1316
1316
1316
1316
1320
1320
1320
1320
1324
1324
1324
1324
1328
1328
1328
1328
1332
1332
1332
1332
1336
1336
1336
1336
1340
1340
1340
1340
1344
1344
1344
1344
1348
1348
1348
1348
1352
1352
1352
1352
1356
1356
1356
1356
1360
1360
1360
1360
1364
1364
1364
1364
1368
1368
1368
1368
1372
1372
1372
1372
1376
1376
1376
1376
1380
1380
1380
1380
1384
1384
1384
1384
1388
1388
1388
1388
1392
1392
1392
1392
1396
1396
1396
1396
1400
1400
1400
1400
1404
1404
1404
1404
1408
1408
1408
1408
1412
1412
1412
1412
1416
1416
1416
1416
1420
1420
1420
1420
1424
1424
1424
1424
1428
1428
1428
1428
1432
1432
1432
1432
1436
1436
1436
1436
1440
1440
1440
1440
1444
1444
1444
1444
1448
1448
1448
1448
1452
1452
1452
1452
1456
1456
1456
1456
1460
1460
1460
1460
1464
1464
1464
1464
1468
1468
1468
1468
1472
1472
1472
1472
