512
512
512
512
516
516
516
516
520
520
520
520
524
524
524
524
528
528
528
528
532
532
532
532
536
536
536
536
540
540
540
540
544
544
544
544
548
548
548
548
552
552
552
552
556
556
556
556
560
560
560
560
564
564
564
564
568
568
568
568
572
572
572
572
576
576
576
576
580
580
580
580
584
584
584
584
588
588
588
588
592
592
592
592
596
596
596
596
600
600
600
600
604
604
604
604
608
608
608
608
612
612
612
612
616
616
616
616
620
620
620
620
624
624
624
624
628
628
628
628
632
632
632
632
636
636
636
636
640
640
640
640
644
644
644
644
648
648
648
648
652
652
652
652
656
656
656
656
660
660
660
660
664
664
664
664
668
668
668
668
672
672
672
672
676
676
676
676
680
680
680
680
684
684
684
684
688
688
688
688
692
692
692
692
696
696
696
696
700
700
700
700
704
704
704
704
708
708
708
708
712
712
712
712
716
716
716
716
720
720
720
720
724
724
724
724
728
728
728
728
732
732
732
732
736
736
736
736
740
740
740
740
744
744
744
744
748
748
748
748
752
752
752
752
756
756
756
756
760
760
760
760
764
764
764
764
768
768
768
768
772
772
772
772
776
776
776
776
780
780
780
780
784
784
784
784
788
788
788
788
792
792
792
792
796
796
796
796
800
800
800
800
804
804
804
804
808
808
808
808
812
812
812
812
816
816
816
816
820
820
820
820
824
824
824
824
828
828
828
828
832
832
832
832
836
836
836
836
840
840
840
840
844
844
844
844
848
848
848
848
852
852
852
852
856
856
856
856
860
860
860
860
864
864
864
864
868
868
868
868
872
872
872
872
876
876
876
876
880
880
880
880
884
884
884
884
888
888
888
888
892
892
892
892
896
896
896
896
900
900
900
900
904
904
904
904
908
908
908
908
912
912
912
912
916
916
916
916
920
920
920
920
924
924
924
924
928
928
928
928
932
932
932
932
936
936
936
936
940
940
940
940
944
944
944
944
948
948
948
948
952
952
952
952
956
956
956
956
960
960
960
960
964
964
964
964
968
968
968
968
972
972
972
972
976
976
976
976
980
980
980
980
984
984
984
984
988
988
988
988
992
992
992
992
996
996
996
996
1000
1000
1000
1000
1004
1004
1004
1004
1008
1008
1008
1008
1012
1012
1012
1012
1016
1016
1016
1016
1020
1020
1020
1020
1024
1024
1024
1024
1028
1028
1028
1028
1032
1032
1032
1032
1036
1036
1036
1036
1040
1040
1040
1040
1044
1044
1044
1044
1048
1048
1048
1048
1052
1052
1052
1052
1056
1056
1056
1056
1060
1060
1060
1060
1064
1064
1064
1064
1068
1068
1068
1068
1072
1072
1072
1072
1076
1076
1076
1076
1080
1080
1080
1080
1084
1084
1084
1084
1076
1076
1076
1076
1080
1080
1080
1080
1084
1084
1084
1084
620
620
620
620
616
616
616
616
1092
1092
1092
1092
1088
1088
1088
1088
3140
3140
3140
3140
3136
3136
3136
3136
5188
5188
5188
5188
5184
5184
5184
5184
7236
7236
7236
7236
7232
7232
7232
7232
1140
1140
1140
1140
1136
1136
1136
1136
9284
9284
9284
9284
9280
9280
9280
9280
1124
1124
1124
1124
1120
1120
1120
1120
3188
3188
3188
3188
3184
3184
3184
3184
1116
1116
1116
1116
1112
1112
1112
1112
11332
11332
11332
11332
11328
11328
11328
11328
1108
1108
1108
1108
1104
1104
1104
1104
3172
3172
3172
3172
3168
3168
3168
3168
5236
5236
5236
5236
5232
5232
5232
5232
1100
1100
1100
1100
1096
1096
1096
1096
3164
3164
3164
3164
3160
3160
3160
3160
13380
13380
13380
13380
13376
13376
13376
13376
3156
3156
3156
3156
3152
3152
3152
3152
5220
5220
5220
5220
5216
5216
5216
5216
7284
7284
7284
7284
7280
7280
7280
7280
3148
3148
3148
3148
3144
3144
3144
3144
5212
5212
5212
5212
5208
5208
5208
5208
15428
15428
15428
15428
15424
15424
15424
15424
5204
5204
5204
5204
5200
5200
5200
5200
7268
7268
7268
7268
7264
7264
7264
7264
9332
9332
9332
9332
9328
9328
9328
9328
5196
5196
5196
5196
5192
5192
5192
5192
7260
7260
7260
7260
7256
7256
7256
7256
17476
17476
17476
17476
17472
17472
17472
17472
1032
1032
1032
1032
7252
7252
7252
7252
7248
7248
7248
7248
9316
9316
9316
9316
9312
9312
9312
9312
11380
11380
11380
11380
11376
11376
11376
11376
7244
7244
7244
7244
7240
7240
7240
7240
9308
9308
9308
9308
9304
9304
9304
9304
19524
19524
19524
19524
19520
19520
19520
19520
9300
9300
9300
9300
9296
9296
9296
9296
11364
11364
11364
11364
11360
11360
11360
11360
13428
13428
13428
13428
13424
13424
13424
13424
9292
9292
9292
9292
9288
9288
9288
9288
11356
11356
11356
11356
11352
11352
11352
11352
21572
21572
21572
21572
21568
21568
21568
21568
11348
11348
11348
11348
11344
11344
11344
11344
13412
13412
13412
13412
13408
13408
13408
13408
15476
15476
15476
15476
15472
15472
15472
15472
11340
11340
11340
11340
11336
11336
11336
11336
13404
13404
13404
13404
13400
13400
13400
13400
23620
23620
23620
23620
23616
23616
23616
23616
13396
13396
13396
13396
13392
13392
13392
13392
15460
15460
15460
15460
15456
15456
15456
15456
17524
17524
17524
17524
17520
17520
17520
17520
13388
13388
13388
13388
13384
13384
13384
13384
15452
15452
15452
15452
15448
15448
15448
15448
25668
25668
25668
25668
25664
25664
25664
25664
1036
15444
15444
15444
15444
15440
15440
15440
15440
17508
17508
17508
17508
17504
17504
17504
17504
19572
19572
19572
19572
19568
19568
19568
19568
15436
15436
15436
15436
15432
15432
15432
15432
17500
17500
17500
17500
17496
17496
17496
17496
27716
27716
27716
27716
27712
27712
27712
27712
1028
17492
17492
17492
17492
17488
17488
17488
17488
19556
19556
19556
19556
19552
19552
19552
19552
21620
21620
21620
21620
21616
21616
21616
21616
17484
17484
17484
17484
17480
17480
17480
17480
19548
19548
19548
19548
19544
19544
19544
19544
29764
29764
29764
29764
29760
29760
29760
29760
1028
19540
19540
19540
19540
19536
19536
19536
19536
21604
21604
21604
21604
21600
21600
21600
21600
23668
23668
23668
23668
23664
23664
23664
23664
31812
31812
31812
31812
31808
31808
31808
31808
19532
19532
19532
19532
19528
19528
19528
19528
21596
21596
21596
21596
21592
21592
21592
21592
21588
21588
21588
21588
21584
21584
21584
21584
23652
23652
23652
23652
23648
23648
23648
23648
25716
25716
25716
25716
25712
25712
25712
25712
21580
21580
21580
21580
21576
21576
21576
21576
23644
23644
23644
23644
23640
23640
23640
23640
23636
23636
23636
23636
23632
23632
23632
23632
25700
25700
25700
25700
25696
25696
25696
25696
27764
27764
27764
27764
27760
27760
27760
27760
23628
23628
23628
23628
23624
23624
23624
23624
25692
25692
25692
25692
25688
25688
25688
25688
25684
25684
25684
25684
25680
25680
25680
25680
27748
27748
27748
27748
27744
27744
27744
27744
29812
29812
29812
29812
29808
29808
29808
29808
25676
25676
25676
25676
25672
25672
25672
25672
27740
27740
27740
27740
27736
27736
27736
27736
31860
31860
31860
31860
31856
31856
31856
31856
1036
27732
27732
27732
27732
27728
27728
27728
27728
29796
29796
29796
29796
29792
29792
29792
29792
1036
27724
27724
27724
27724
27720
27720
27720
27720
29788
29788
29788
29788
29784
29784
29784
29784
31844
31844
31844
31844
31840
31840
31840
31840
1028
29780
29780
29780
29780
29776
29776
29776
29776
31836
31836
31836
31836
31832
31832
31832
31832
29772
29772
29772
29772
29768
29768
29768
29768
31828
31828
31828
31828
31824
31824
31824
31824
1028
31820
31820
31820
31820
31816
31816
31816
31816
1036
1036
1028
1028
1040
1036
1028
1028
1040
1040
1028
1028
1040
1040
1028
1028
1040
1040
1028
1028
1044
1040
1028
1028
1044
1044
1028
1028
1044
1044
1028
1028
1044
1044
1028
1028
1048
1044
1028
1028
1048
1048
1028
1028
1048
1048
1028
1028
1048
1048
1028
1028
3196
3196
3196
3196
3192
3192
3192
3192
5244
5244
5244
5244
5240
5240
5240
5240
7292
7292
7292
7292
7288
7288
7288
7288
1032
1032
1032
1032
9340
9340
9340
9340
9336
9336
9336
9336
11388
11388
11388
11388
11384
11384
11384
11384
3196
3196
3196
3196
3192
3192
3192
3192
13436
13436
13436
13436
13432
13432
13432
13432
1032
1032
1032
1032
15484
15484
15484
15484
15480
15480
15480
15480
17532
17532
17532
17532
17528
17528
17528
17528
5244
5244
5244
5244
5240
5240
5240
5240
19580
19580
19580
19580
19576
19576
19576
19576
1032
1032
1032
1032
21628
21628
21628
21628
21624
21624
21624
21624
23676
23676
23676
23676
23672
23672
23672
23672
7292
7292
7292
7292
7288
7288
7288
7288
1032
1032
1032
1032
25724
25724
25724
25724
25720
25720
25720
25720
27772
27772
27772
27772
27768
27768
27768
27768
1028
1028
9340
9340
9340
9340
9336
9336
9336
9336
29820
29820
29820
29820
29816
29816
29816
29816
1032
1032
1032
1032
31868
31868
31868
31868
31864
31864
31864
31864
1148
1148
1148
1148
1144
1144
1144
1144
11388
11388
11388
11388
11384
11384
11384
11384
1032
1032
1032
1032
13436
13436
13436
13436
13432
13432
13432
13432
1032
1032
1032
1032
15484
15484
15484
15484
15480
15480
15480
15480
1032
1032
1032
1032
17532
17532
17532
17532
17528
17528
17528
17528
1032
1032
1032
1032
19580
19580
19580
19580
19576
19576
19576
19576
1032
1032
1032
1032
21628
21628
21628
21628
21624
21624
21624
21624
1032
1032
1032
1032
23676
23676
23676
23676
23672
23672
23672
23672
1032
1032
1032
1032
25724
25724
25724
25724
25720
25720
25720
25720
1032
1032
1032
1032
27772
27772
27772
27772
27768
27768
27768
27768
1032
1032
1032
1032
29820
29820
29820
29820
29816
29816
29816
29816
1032
1032
1032
1032
31868
31868
31868
31868
31864
31864
31864
31864
1032
1032
1032
1032
1148
1148
1148
1148
1144
1144
1144
1144
1032
1032
1032
1032
3176
3176
3176
3176
1032
1032
1032
1032
5224
5224
5224
5224
1032
1032
1032
1032
7272
7272
7272
7272
1032
1032
1032
1032
1032
1032
1032
1032
1032
1032
1032
1032
1032
1032
1032
1032
50368
50368
50368
50368
50372
50372
50372
50372
50376
50376
50376
50376
50380
50380
50380
50380
50384
50384
50384
50384
50388
50388
50388
50388
50392
50392
50392
50392
50396
50396
50396
50396
50400
50400
50400
50400
50404
50404
50404
50404
50408
50408
50408
50408
50412
50412
50412
50412
50416
50416
50416
50416
50420
50420
50420
50420
50424
50424
50424
50424
50428
50428
50428
50428
50432
50432
50432
50432
50436
50436
50436
50436
50440
50440
50440
50440
50444
50444
50444
50444
50448
50448
50448
50448
50452
50452
50452
50452
50456
50456
50456
50456
50460
50460
50460
50460
50464
50464
50464
50464
50468
50468
50468
50468
50472
50472
50472
50472
50476
50476
50476
50476
50480
50480
50480
50480
50484
50484
50484
50484
50488
50488
50488
50488
50492
50492
50492
50492
50496
50496
50496
50496
50500
50500
50500
50500
50504
50504
50504
50504
50508
50508
50508
50508
50512
50512
50512
50512
50516
50516
50516
50516
50520
50520
50520
50520
50524
50524
50524
50524
50528
50528
50528
50528
50532
50532
50532
50532
50536
50536
50536
50536
50540
50540
50540
50540
50544
50544
50544
50544
50548
50548
50548
50548
50552
50552
50552
50552
50556
50556
50556
50556
50560
50560
50560
50560
50564
50564
50564
50564
50568
50568
50568
50568
50572
50572
50572
50572
50576
50576
50576
50576
50580
50580
50580
50580
50584
50584
50584
50584
50588
50588
50588
50588
50592
50592
50592
50592
50596
50596
50596
50596
50600
50600
50600
50600
50604
50604
50604
50604
50608
50608
50608
50608
50612
50612
50612
50612
50616
50616
50616
50616
50620
50620
50620
50620
50624
50624
50624
50624
50628
50628
50628
50628
50632
50632
50632
50632
50636
50636
50636
50636
50640
50640
50640
50640
50644
50644
50644
50644
50648
50648
50648
50648
50652
50652
50652
50652
50656
50656
50656
50656
50660
50660
50660
50660
50664
50664
50664
50664
50668
50668
50668
50668
50672
50672
50672
50672
50676
50676
50676
50676
50680
50680
50680
50680
50684
50684
50684
50684
50688
50688
50688
50688
50692
50692
50692
50692
50696
50696
50696
50696
50700
50700
50700
50700
50704
50704
50704
50704
50708
50708
50708
50708
50712
50712
50712
50712
50716
50716
50716
50716
50720
50720
50720
50720
50724
50724
50724
50724
50728
50728
50728
50728
50732
50732
50732
50732
50736
50736
50736
50736
50740
50740
50740
50740
50744
50744
50744
50744
50748
50748
50748
50748
50752
50752
50752
50752
50756
50756
50756
50756
50760
50760
50760
50760
50764
50764
50764
50764
50768
50768
50768
50768
50772
50772
50772
50772
50776
50776
50776
50776
50780
50780
50780
50780
50784
50784
50784
50784
50788
50788
50788
50788
50792
50792
50792
50792
50796
50796
50796
50796
50800
50800
50800
50800
50804
50804
50804
50804
50808
50808
50808
50808
50812
50812
50812
50812
50816
50816
50816
50816
50820
50820
50820
50820
50824
50824
50824
50824
50828
50828
50828
50828
50832
50832
50832
50832
50836
50836
50836
50836
50840
50840
50840
50840
50844
50844
50844
50844
50848
50848
50848
50848
50852
50852
50852
50852
50856
50856
50856
50856
50860
50860
50860
50860
50864
50864
50864
50864
50868
50868
50868
50868
50872
50872
50872
50872
50876
50876
50876
50876
50880
50880
50880
50880
50884
50884
50884
50884
50888
50888
50888
50888
50892
50892
50892
50892
50896
50896
50896
50896
50900
50900
50900
50900
50904
50904
50904
50904
50908
50908
50908
50908
50912
50912
50912
50912
50916
50916
50916
50916
50920
50920
50920
50920
50924
50924
50924
50924
50928
50928
50928
50928
50932
50932
50932
50932
50936
50936
50936
50936
50940
50940
50940
50940
50944
50944
50944
50944
50948
50948
50948
50948
50952
50952
50952
50952
50956
50956
50956
50956
50960
50960
50960
50960
50964
50964
50964
50964
50968
50968
50968
50968
50972
50972
50972
50972
50976
50976
50976
50976
50980
50980
50980
50980
50984
50984
50984
50984
50988
50988
50988
50988
50992
50992
50992
50992
50996
50996
50996
50996
51000
51000
51000
51000
51004
51004
51004
51004
51008
51008
51008
51008
51012
51012
51012
51012
51016
51016
51016
51016
51020
51020
51020
51020
51024
51024
51024
51024
51028
51028
51028
51028
51032
51032
51032
51032
51036
51036
51036
51036
51040
51040
51040
51040
51044
51044
51044
51044
51048
51048
51048
51048
51052
51052
51052
51052
51056
51056
51056
51056
51060
51060
51060
51060
51064
51064
51064
51064
51068
51068
51068
51068
51072
51072
51072
51072
51076
51076
51076
51076
51080
51080
51080
51080
51084
51084
51084
51084
51088
51088
51088
51088
51092
51092
51092
51092
51096
51096
51096
51096
51100
51100
51100
51100
51104
51104
51104
51104
51108
51108
51108
51108
51112
51112
51112
51112
51116
51116
51116
51116
51120
51120
51120
51120
51124
51124
51124
51124
51128
51128
51128
51128
51132
51132
51132
51132
51136
51136
51136
51136
51140
51140
51140
51140
51144
51144
51144
51144
51148
51148
51148
51148
51152
51152
51152
51152
51156
51156
51156
51156
51160
51160
51160
51160
51164
51164
51164
51164
51168
51168
51168
51168
51172
51172
51172
51172
51176
51176
51176
51176
51180
51180
51180
51180
51184
51184
51184
51184
51188
51188
51188
51188
51192
51192
51192
51192
51196
51196
51196
51196
51200
51200
51200
51200
51204
51204
51204
51204
51208
51208
51208
51208
51212
51212
51212
51212
51216
51216
51216
51216
51220
51220
51220
51220
51224
51224
51224
51224
51228
51228
51228
51228
51232
51232
51232
51232
51236
51236
51236
51236
51240
51240
51240
51240
51244
51244
51244
51244
51248
51248
51248
51248
51252
51252
51252
51252
51256
51256
51256
51256
51260
51260
51260
51260
51264
51264
51264
51264
51268
51268
51268
51268
51272
51272
51272
51272
51276
51276
51276
51276
51280
51280
51280
51280
51284
51284
51284
51284
51288
51288
51288
51288
51292
51292
51292
51292
51296
51296
51296
51296
51300
51300
51300
51300
51304
51304
51304
51304
51308
51308
51308
51308
51312
51312
51312
51312
51316
51316
51316
51316
51320
51320
51320
51320
51324
51324
51324
51324
51328
51328
51328
51328
51332
51332
51332
51332
51336
51336
51336
51336
51340
51340
51340
51340
51344
51344
51344
51344
51348
51348
51348
51348
51352
51352
51352
51352
51356
51356
51356
51356
51360
51360
51360
51360
51364
51364
51364
51364
51368
51368
51368
51368
51372
51372
51372
51372
51376
51376
51376
51376
51380
51380
51380
51380
51384
51384
51384
51384
51388
51388
51388
51388
1032
1032
1032
1032
1032
1032
1032
1032
1032
1032
1032
1032
1032
1032
1032
1032
1032
1032
1032
1032
51392
51392
51392
51392
51396
51396
51396
51396
51400
51400
51400
51400
51404
51404
51404
51404
51408
51408
51408
51408
51412
51412
51412
51412
51416
51416
51416
51416
51420
51420
51420
51420
51424
51424
51424
51424
51428
51428
51428
51428
51432
51432
51432
51432
51436
51436
51436
51436
51440
51440
51440
51440
51444
51444
51444
51444
51448
51448
51448
51448
51452
51452
51452
51452
51456
51456
51456
51456
51460
51460
51460
51460
51464
51464
51464
51464
51468
51468
51468
51468
51472
51472
51472
51472
51476
51476
51476
51476
51480
51480
51480
51480
51484
51484
51484
51484
51488
51488
51488
51488
51492
51492
51492
51492
51496
51496
51496
51496
51500
51500
51500
51500
51504
51504
51504
51504
51508
51508
51508
51508
51512
51512
51512
51512
51516
51516
51516
51516
51520
51520
51520
51520
51524
51524
51524
51524
51528
51528
51528
51528
51532
51532
51532
51532
51536
51536
51536
51536
51540
51540
51540
51540
51544
51544
51544
51544
51548
51548
51548
51548
51552
51552
51552
51552
51556
51556
51556
51556
51560
51560
51560
51560
51564
51564
51564
51564
51568
51568
51568
51568
51572
51572
51572
51572
51576
51576
51576
51576
51580
51580
51580
51580
51584
51584
51584
51584
51588
51588
51588
51588
51592
51592
51592
51592
51596
51596
51596
51596
51600
51600
51600
51600
51604
51604
51604
51604
51608
51608
51608
51608
51612
51612
51612
51612
51616
51616
51616
51616
51620
51620
51620
51620
51624
51624
51624
51624
51628
51628
51628
51628
51632
51632
51632
51632
51636
51636
51636
51636
51640
51640
51640
51640
51644
51644
51644
51644
51648
51648
51648
51648
51652
51652
51652
51652
51656
51656
51656
51656
51660
51660
51660
51660
51664
51664
51664
51664
51668
51668
51668
51668
51672
51672
51672
51672
51676
51676
51676
51676
51680
51680
51680
51680
51684
51684
51684
51684
51688
51688
51688
51688
51692
51692
51692
51692
51696
51696
51696
51696
51700
51700
51700
51700
51704
51704
51704
51704
51708
51708
51708
51708
51712
51712
51712
51712
51716
51716
51716
51716
51720
51720
51720
51720
51724
51724
51724
51724
51728
51728
51728
51728
51732
51732
51732
51732
51736
51736
51736
51736
51740
51740
51740
51740
51744
51744
51744
51744
51748
51748
51748
51748
51752
51752
51752
51752
51756
51756
51756
51756
51760
51760
51760
51760
51764
51764
51764
51764
51768
51768
51768
51768
51772
51772
51772
51772
51776
51776
51776
51776
51780
51780
51780
51780
51784
51784
51784
51784
51788
51788
51788
51788
51792
51792
51792
51792
51796
51796
51796
51796
51800
51800
51800
51800
51804
51804
51804
51804
51808
51808
51808
51808
51812
51812
51812
51812
51816
51816
51816
51816
51820
51820
51820
51820
51824
51824
51824
51824
51828
51828
51828
51828
51832
51832
51832
51832
51836
51836
51836
51836
51840
51840
51840
51840
51844
51844
51844
51844
51848
51848
51848
51848
51852
51852
51852
51852
51856
51856
51856
51856
51860
51860
51860
51860
51864
51864
51864
51864
51868
51868
51868
51868
51872
51872
51872
51872
51876
51876
51876
51876
51880
51880
51880
51880
51884
51884
51884
51884
51888
51888
51888
51888
51892
51892
51892
51892
51896
51896
51896
51896
51900
51900
51900
51900
51904
51904
51904
51904
51908
51908
51908
51908
51912
51912
51912
51912
51916
51916
51916
51916
51920
51920
51920
51920
51924
51924
51924
51924
51928
51928
51928
51928
51932
51932
51932
51932
51936
51936
51936
51936
51940
51940
51940
51940
51944
51944
51944
51944
51948
51948
51948
51948
51952
51952
51952
51952
51956
51956
51956
51956
51960
51960
51960
51960
51964
51964
51964
51964
51968
51968
51968
51968
51972
51972
51972
51972
51976
51976
51976
51976
51980
51980
51980
51980
51984
51984
51984
51984
51988
51988
51988
51988
51992
51992
51992
51992
51996
51996
51996
51996
52000
52000
52000
52000
52004
52004
52004
52004
52008
52008
52008
52008
52012
52012
52012
52012
52016
52016
52016
52016
52020
52020
52020
52020
52024
52024
52024
52024
52028
52028
52028
52028
52032
52032
52032
52032
52036
52036
52036
52036
52040
52040
52040
52040
52044
52044
52044
52044
52048
52048
52048
52048
52052
52052
52052
52052
52056
52056
52056
52056
52060
52060
52060
52060
52064
52064
52064
52064
52068
52068
52068
52068
52072
52072
52072
52072
52076
52076
52076
52076
52080
52080
52080
52080
52084
52084
52084
52084
52088
52088
52088
52088
52092
52092
52092
52092
52096
52096
52096
52096
52100
52100
52100
52100
52104
52104
52104
52104
52108
52108
52108
52108
52112
52112
52112
52112
52116
52116
52116
52116
52120
52120
52120
52120
52124
52124
52124
52124
52128
52128
52128
52128
52132
52132
52132
52132
52136
52136
52136
52136
52140
52140
52140
52140
52144
52144
52144
52144
52148
52148
52148
52148
52152
52152
52152
52152
52156
52156
52156
52156
52160
52160
52160
52160
52164
52164
52164
52164
52168
52168
52168
52168
52172
52172
52172
52172
52176
52176
52176
52176
52180
52180
52180
52180
52184
52184
52184
52184
52188
52188
52188
52188
52192
52192
52192
52192
52196
52196
52196
52196
52200
52200
52200
52200
52204
52204
52204
52204
52208
52208
52208
52208
52212
52212
52212
52212
52216
52216
52216
52216
52220
52220
52220
52220
52224
52224
52224
52224
52228
52228
52228
52228
52232
52232
52232
52232
52236
52236
52236
52236
52240
52240
52240
52240
52244
52244
52244
52244
52248
52248
52248
52248
52252
52252
52252
52252
52256
52256
52256
52256
52260
52260
52260
52260
52264
52264
52264
52264
52268
52268
52268
52268
52272
52272
52272
52272
52276
52276
52276
52276
52280
52280
52280
52280
52284
52284
52284
52284
52288
52288
52288
52288
52292
52292
52292
52292
52296
52296
52296
52296
52300
52300
52300
52300
52304
52304
52304
52304
52308
52308
52308
52308
52312
52312
52312
52312
52316
52316
52316
52316
52320
52320
52320
52320
52324
52324
52324
52324
52328
52328
52328
52328
52332
52332
52332
52332
52336
52336
52336
52336
52340
52340
52340
52340
52344
52344
52344
52344
52348
52348
52348
52348
52352
52352
52352
52352
52356
52356
52356
52356
52360
52360
52360
52360
52364
52364
52364
52364
52368
52368
52368
52368
52372
52372
52372
52372
52376
52376
52376
52376
52380
52380
52380
52380
52384
52384
52384
52384
52388
52388
52388
52388
52392
52392
52392
52392
52396
52396
52396
52396
52400
52400
52400
52400
52404
52404
52404
52404
52408
52408
52408
52408
52412
52412
52412
52412
1032
1032
1032
1032
1032
1032
1032
1032
1032
1032
1032
1032
1032
1032
1032
1032
1128
1128
1128
1128
52416
52416
52416
52416
52420
52420
52420
52420
52424
52424
52424
52424
52428
52428
52428
52428
52432
52432
52432
52432
52436
52436
52436
52436
52440
52440
52440
52440
52444
52444
52444
52444
52448
52448
52448
52448
52452
52452
52452
52452
52456
52456
52456
52456
52460
52460
52460
52460
52464
52464
52464
52464
52468
52468
52468
52468
52472
52472
52472
52472
52476
52476
52476
52476
52480
52480
52480
52480
52484
52484
52484
52484
52488
52488
52488
52488
52492
52492
52492
52492
52496
52496
52496
52496
52500
52500
52500
52500
52504
52504
52504
52504
52508
52508
52508
52508
52512
52512
52512
52512
52516
52516
52516
52516
52520
52520
52520
52520
52524
52524
52524
52524
52528
52528
52528
52528
52532
52532
52532
52532
52536
52536
52536
52536
52540
52540
52540
52540
52544
52544
52544
52544
52548
52548
52548
52548
52552
52552
52552
52552
52556
52556
52556
52556
52560
52560
52560
52560
52564
52564
52564
52564
52568
52568
52568
52568
52572
52572
52572
52572
52576
52576
52576
52576
52580
52580
52580
52580
52584
52584
52584
52584
52588
52588
52588
52588
52592
52592
52592
52592
52596
52596
52596
52596
52600
52600
52600
52600
52604
52604
52604
52604
52608
52608
52608
52608
52612
52612
52612
52612
52616
52616
52616
52616
52620
52620
52620
52620
52624
52624
52624
52624
52628
52628
52628
52628
52632
52632
52632
52632
52636
52636
52636
52636
52640
52640
52640
52640
52644
52644
52644
52644
52648
52648
52648
52648
52652
52652
52652
52652
52656
52656
52656
52656
52660
52660
52660
52660
52664
52664
52664
52664
52668
52668
52668
52668
52672
52672
52672
52672
52676
52676
52676
52676
52680
52680
52680
52680
52684
52684
52684
52684
52688
52688
52688
52688
52692
52692
52692
52692
52696
52696
52696
52696
52700
52700
52700
52700
52704
52704
52704
52704
52708
52708
52708
52708
52712
52712
52712
52712
52716
52716
52716
52716
52720
52720
52720
52720
52724
52724
52724
52724
52728
52728
52728
52728
52732
52732
52732
52732
52736
52736
52736
52736
52740
52740
52740
52740
52744
52744
52744
52744
52748
52748
52748
52748
52752
52752
52752
52752
52756
52756
52756
52756
52760
52760
52760
52760
52764
52764
52764
52764
52768
52768
52768
52768
52772
52772
52772
52772
52776
52776
52776
52776
52780
52780
52780
52780
52784
52784
52784
52784
52788
52788
52788
52788
52792
52792
52792
52792
52796
52796
52796
52796
52800
52800
52800
52800
52804
52804
52804
52804
52808
52808
52808
52808
52812
52812
52812
52812
52816
52816
52816
52816
52820
52820
52820
52820
52824
52824
52824
52824
52828
52828
52828
52828
52832
52832
52832
52832
52836
52836
52836
52836
52840
52840
52840
52840
52844
52844
52844
52844
52848
52848
52848
52848
52852
52852
52852
52852
52856
52856
52856
52856
52860
52860
52860
52860
52864
52864
52864
52864
52868
52868
52868
52868
52872
52872
52872
52872
52876
52876
52876
52876
52880
52880
52880
52880
52884
52884
52884
52884
52888
52888
52888
52888
52892
52892
52892
52892
52896
52896
52896
52896
52900
52900
52900
52900
52904
52904
52904
52904
52908
52908
52908
52908
52912
52912
52912
52912
52916
52916
52916
52916
52920
52920
52920
52920
52924
52924
52924
52924
52928
52928
52928
52928
52932
52932
52932
52932
52936
52936
52936
52936
52940
52940
52940
52940
52944
52944
52944
52944
52948
52948
52948
52948
52952
52952
52952
52952
52956
52956
52956
52956
52960
52960
52960
52960
52964
52964
52964
52964
52968
52968
52968
52968
52972
52972
52972
52972
52976
52976
52976
52976
52980
52980
52980
52980
52984
52984
52984
52984
52988
52988
52988
52988
52992
52992
52992
52992
52996
52996
52996
52996
53000
53000
53000
53000
53004
53004
53004
53004
53008
53008
53008
53008
53012
53012
53012
53012
53016
53016
53016
53016
53020
53020
53020
53020
53024
53024
53024
53024
53028
53028
53028
53028
53032
53032
53032
53032
53036
53036
53036
53036
53040
53040
53040
53040
53044
53044
53044
53044
53048
53048
53048
53048
53052
53052
53052
53052
53056
53056
53056
53056
53060
53060
53060
53060
53064
53064
53064
53064
53068
53068
53068
53068
53072
53072
53072
53072
53076
53076
53076
53076
53080
53080
53080
53080
53084
53084
53084
53084
53088
53088
53088
53088
53092
53092
53092
53092
53096
53096
53096
53096
53100
53100
53100
53100
53104
53104
53104
53104
53108
53108
53108
53108
53112
53112
53112
53112
53116
53116
53116
53116
53120
53120
53120
53120
53124
53124
53124
53124
53128
53128
53128
53128
53132
53132
53132
53132
53136
53136
53136
53136
53140
53140
53140
53140
53144
53144
53144
53144
53148
53148
53148
53148
53152
53152
53152
53152
53156
53156
53156
53156
53160
53160
53160
53160
53164
53164
53164
53164
53168
53168
53168
53168
53172
53172
53172
53172
53176
53176
53176
53176
53180
53180
53180
53180
53184
53184
53184
53184
53188
53188
53188
53188
53192
53192
53192
53192
53196
53196
53196
53196
53200
53200
53200
53200
53204
53204
53204
53204
53208
53208
53208
53208
53212
53212
53212
53212
53216
53216
53216
53216
53220
53220
53220
53220
53224
53224
53224
53224
53228
53228
53228
53228
53232
53232
53232
53232
53236
53236
53236
53236
53240
53240
53240
53240
53244
53244
53244
53244
53248
53248
53248
53248
53252
53252
53252
53252
53256
53256
53256
53256
53260
53260
53260
53260
53264
53264
53264
53264
53268
53268
53268
53268
53272
53272
53272
53272
53276
53276
53276
53276
53280
53280
53280
53280
53284
53284
53284
53284
53288
53288
53288
53288
53292
53292
53292
53292
53296
53296
53296
53296
53300
53300
53300
53300
53304
53304
53304
53304
53308
53308
53308
53308
53312
53312
53312
53312
53316
53316
53316
53316
53320
53320
53320
53320
53324
53324
53324
53324
53328
53328
53328
53328
53332
53332
53332
53332
53336
53336
53336
53336
53340
53340
53340
53340
53344
53344
53344
53344
53348
53348
53348
53348
53352
53352
53352
53352
53356
53356
53356
53356
53360
53360
53360
53360
53364
53364
53364
53364
53368
53368
53368
53368
53372
53372
53372
53372
53376
53376
53376
53376
53380
53380
53380
53380
53384
53384
53384
53384
53388
53388
53388
53388
53392
53392
53392
53392
53396
53396
53396
53396
53400
53400
53400
53400
53404
53404
53404
53404
53408
53408
53408
53408
53412
53412
53412
53412
53416
53416
53416
53416
53420
53420
53420
53420
53424
53424
53424
53424
53428
53428
53428
53428
53432
53432
53432
53432
53436
53436
53436
53436
66752
66752
66752
66752
66756
66756
66756
66756
66760
66760
66760
66760
66764
66764
66764
66764
66768
66768
66768
66768
66772
66772
66772
66772
66776
66776
66776
66776
66780
66780
66780
66780
66784
66784
66784
66784
66788
66788
66788
66788
66792
66792
66792
66792
66796
66796
66796
66796
66800
66800
66800
66800
66804
66804
66804
66804
66808
66808
66808
66808
66812
66812
66812
66812
66816
66816
66816
66816
66820
66820
66820
66820
66824
66824
66824
66824
66828
66828
66828
66828
66832
66832
66832
66832
66836
66836
66836
66836
66840
66840
66840
66840
66844
66844
66844
66844
66848
66848
66848
66848
66852
66852
66852
66852
66856
66856
66856
66856
66860
66860
66860
66860
66864
66864
66864
66864
66868
66868
66868
66868
66872
66872
66872
66872
66876
66876
66876
66876
66880
66880
66880
66880
66884
66884
66884
66884
66888
66888
66888
66888
66892
66892
66892
66892
66896
66896
66896
66896
66900
66900
66900
66900
66904
66904
66904
66904
66908
66908
66908
66908
66912
66912
66912
66912
66916
66916
66916
66916
66920
66920
66920
66920
66924
66924
66924
66924
66928
66928
66928
66928
66932
66932
66932
66932
66936
66936
66936
66936
66940
66940
66940
66940
66944
66944
66944
66944
66948
66948
66948
66948
66952
66952
66952
66952
66956
66956
66956
66956
66960
66960
66960
66960
66964
66964
66964
66964
66968
66968
66968
66968
66972
66972
66972
66972
66976
66976
66976
66976
66980
66980
66980
66980
66984
66984
66984
66984
66988
66988
66988
66988
66992
66992
66992
66992
66996
66996
66996
66996
67000
67000
67000
67000
67004
67004
67004
67004
67008
67008
67008
67008
67012
67012
67012
67012
67016
67016
67016
67016
67020
67020
67020
67020
67024
67024
67024
67024
67028
67028
67028
67028
67032
67032
67032
67032
67036
67036
67036
67036
67040
67040
67040
67040
67044
67044
67044
67044
67048
67048
67048
67048
67052
67052
67052
67052
67056
67056
67056
67056
67060
67060
67060
67060
67064
67064
67064
67064
67068
67068
67068
67068
67072
67072
67072
67072
67076
67076
67076
67076
67080
67080
67080
67080
67084
67084
67084
67084
67088
67088
67088
67088
67092
67092
67092
67092
67096
67096
67096
67096
67100
67100
67100
67100
67104
67104
67104
67104
67108
67108
67108
67108
67112
67112
67112
67112
67116
67116
67116
67116
67120
67120
67120
67120
67124
67124
67124
67124
67128
67128
67128
67128
67132
67132
67132
67132
67136
67136
67136
67136
67140
67140
67140
67140
67144
67144
67144
67144
67148
67148
67148
67148
67152
67152
67152
67152
67156
67156
67156
67156
67160
67160
67160
67160
67164
67164
67164
67164
67168
67168
67168
67168
67172
67172
67172
67172
67176
67176
67176
67176
67180
67180
67180
67180
67184
67184
67184
67184
67188
67188
67188
67188
67192
67192
67192
67192
67196
67196
67196
67196
67200
67200
67200
67200
67204
67204
67204
67204
67208
67208
67208
67208
67212
67212
67212
67212
67216
67216
67216
67216
67220
67220
67220
67220
67224
67224
67224
67224
67228
67228
67228
67228
67232
67232
67232
67232
67236
67236
67236
67236
67240
67240
67240
67240
67244
67244
67244
67244
67248
67248
67248
67248
67252
67252
67252
67252
67256
67256
67256
67256
67260
67260
67260
67260
67264
67264
67264
67264
67268
67268
67268
67268
67272
67272
67272
67272
67276
67276
67276
67276
67280
67280
67280
67280
67284
67284
67284
67284
67288
67288
67288
67288
67292
67292
67292
67292
67296
67296
67296
67296
67300
67300
67300
67300
67304
67304
67304
67304
67308
67308
67308
67308
67312
67312
67312
67312
67316
67316
67316
67316
67320
67320
67320
67320
67324
67324
67324
67324
67328
67328
67328
67328
67332
67332
67332
67332
67336
67336
67336
67336
67340
67340
67340
67340
67344
67344
67344
67344
67348
67348
67348
67348
67352
67352
67352
67352
67356
67356
67356
67356
67360
67360
67360
67360
67364
67364
67364
67364
67368
67368
67368
67368
67372
67372
67372
67372
67376
67376
67376
67376
67380
67380
67380
67380
67384
67384
67384
67384
67388
67388
67388
67388
67392
67392
67392
67392
67396
67396
67396
67396
67400
67400
67400
67400
67404
67404
67404
67404
67408
67408
67408
67408
67412
67412
67412
67412
67416
67416
67416
67416
67420
67420
67420
67420
67424
67424
67424
67424
67428
67428
67428
67428
67432
67432
67432
67432
67436
67436
67436
67436
67440
67440
67440
67440
67444
67444
67444
67444
67448
67448
67448
67448
67452
67452
67452
67452
67456
67456
67456
67456
67460
67460
67460
67460
67464
67464
67464
67464
67468
67468
67468
67468
67472
67472
67472
67472
67476
67476
67476
67476
67480
67480
67480
67480
67484
67484
67484
67484
67488
67488
67488
67488
67492
67492
67492
67492
67496
67496
67496
67496
67500
67500
67500
67500
67504
67504
67504
67504
67508
67508
67508
67508
67512
67512
67512
67512
67516
67516
67516
67516
67520
67520
67520
67520
67524
67524
67524
67524
67528
67528
67528
67528
67532
67532
67532
67532
67536
67536
67536
67536
67540
67540
67540
67540
67544
67544
67544
67544
67548
67548
67548
67548
67552
67552
67552
67552
67556
67556
67556
67556
67560
67560
67560
67560
67564
67564
67564
67564
67568
67568
67568
67568
67572
67572
67572
67572
67576
67576
67576
67576
67580
67580
67580
67580
67584
67584
67584
67584
67588
67588
67588
67588
67592
67592
67592
67592
67596
67596
67596
67596
67600
67600
67600
67600
67604
67604
67604
67604
67608
67608
67608
67608
67612
67612
67612
67612
67616
67616
67616
67616
67620
67620
67620
67620
67624
67624
67624
67624
67628
67628
67628
67628
67632
67632
67632
67632
67636
67636
67636
67636
67640
67640
67640
67640
67644
67644
67644
67644
67648
67648
67648
67648
67652
67652
67652
67652
67656
67656
67656
67656
67660
67660
67660
67660
67664
67664
67664
67664
67668
67668
67668
67668
67672
67672
67672
67672
67676
67676
67676
67676
67680
67680
67680
67680
67684
67684
67684
67684
67688
67688
67688
67688
67692
67692
67692
67692
67696
67696
67696
67696
67700
67700
67700
67700
67704
67704
67704
67704
67708
67708
67708
67708
67712
67712
67712
67712
67716
67716
67716
67716
67720
67720
67720
67720
67724
67724
67724
67724
67728
67728
67728
67728
67732
67732
67732
67732
67736
67736
67736
67736
67740
67740
67740
67740
67744
67744
67744
67744
67748
67748
67748
67748
67752
67752
67752
67752
67756
67756
67756
67756
67760
67760
67760
67760
67764
67764
67764
67764
67768
67768
67768
67768
67772
67772
67772
67772
66752
66752
66752
66752
66756
66756
66756
66756
66760
66760
66760
66760
66764
66764
66764
66764
66768
66768
66768
66768
66772
66772
66772
66772
66776
66776
66776
66776
67776
67776
67776
67776
67780
67780
67780
67780
67784
67784
67784
67784
67788
67788
67788
67788
67792
67792
67792
67792
67796
67796
67796
67796
67800
67800
67800
67800
67804
67804
67804
67804
67808
67808
67808
67808
67812
67812
67812
67812
67816
67816
67816
67816
67820
67820
67820
67820
67824
67824
67824
67824
67828
67828
67828
67828
67832
67832
67832
67832
67836
67836
67836
67836
67840
67840
67840
67840
67844
67844
67844
67844
67848
67848
67848
67848
67852
67852
67852
67852
67856
67856
67856
67856
67860
67860
67860
67860
67864
67864
67864
67864
67868
67868
67868
67868
67872
67872
67872
67872
67876
67876
67876
67876
67880
67880
67880
67880
67884
67884
67884
67884
67888
67888
67888
67888
67892
67892
67892
67892
67896
67896
67896
67896
67900
67900
67900
67900
67904
67904
67904
67904
67908
67908
67908
67908
67912
67912
67912
67912
67916
67916
67916
67916
67920
67920
67920
67920
67924
67924
67924
67924
67928
67928
67928
67928
67932
67932
67932
67932
67936
67936
67936
67936
67940
67940
67940
67940
67944
67944
67944
67944
67948
67948
67948
67948
67952
67952
67952
67952
67956
67956
67956
67956
67960
67960
67960
67960
67964
67964
67964
67964
67968
67968
67968
67968
67972
67972
67972
67972
67976
67976
67976
67976
67980
67980
67980
67980
67984
67984
67984
67984
67988
67988
67988
67988
67992
67992
67992
67992
67996
67996
67996
67996
68000
68000
68000
68000
68004
68004
68004
68004
68008
68008
68008
68008
68012
68012
68012
68012
68016
68016
68016
68016
68020
68020
68020
68020
68024
68024
68024
68024
68028
68028
68028
68028
68032
68032
68032
68032
68036
68036
68036
68036
68040
68040
68040
68040
68044
68044
68044
68044
68048
68048
68048
68048
68052
68052
68052
68052
68056
68056
68056
68056
68060
68060
68060
68060
68064
68064
68064
68064
68068
68068
68068
68068
68072
68072
68072
68072
68076
68076
68076
68076
68080
68080
68080
68080
68084
68084
68084
68084
68088
68088
68088
68088
68092
68092
68092
68092
68096
68096
68096
68096
68100
68100
68100
68100
68104
68104
68104
68104
68108
68108
68108
68108
68112
68112
68112
68112
68116
68116
68116
68116
68120
68120
68120
68120
68124
68124
68124
68124
68128
68128
68128
68128
68132
68132
68132
68132
68136
68136
68136
68136
68140
68140
68140
68140
68144
68144
68144
68144
68148
68148
68148
68148
68152
68152
68152
68152
68156
68156
68156
68156
68160
68160
68160
68160
68164
68164
68164
68164
68168
68168
68168
68168
68172
68172
68172
68172
68176
68176
68176
68176
68180
68180
68180
68180
68184
68184
68184
68184
68188
68188
68188
68188
68192
68192
68192
68192
68196
68196
68196
68196
68200
68200
68200
68200
68204
68204
68204
68204
68208
68208
68208
68208
68212
68212
68212
68212
68216
68216
68216
68216
68220
68220
68220
68220
68224
68224
68224
68224
68228
68228
68228
68228
68232
68232
68232
68232
68236
68236
68236
68236
68240
68240
68240
68240
68244
68244
68244
68244
68248
68248
68248
68248
68252
68252
68252
68252
68256
68256
68256
68256
68260
68260
68260
68260
68264
68264
68264
68264
68268
68268
68268
68268
68272
68272
68272
68272
68276
68276
68276
68276
68280
68280
68280
68280
68284
68284
68284
68284
68288
68288
68288
68288
68292
68292
68292
68292
68296
68296
68296
68296
68300
68300
68300
68300
68304
68304
68304
68304
68308
68308
68308
68308
68312
68312
68312
68312
68316
68316
68316
68316
68320
68320
68320
68320
68324
68324
68324
68324
68328
68328
68328
68328
68332
68332
68332
68332
68336
68336
68336
68336
68340
68340
68340
68340
68344
68344
68344
68344
68348
68348
68348
68348
68352
68352
68352
68352
68356
68356
68356
68356
68360
68360
68360
68360
68364
68364
68364
68364
68368
68368
68368
68368
68372
68372
68372
68372
68376
68376
68376
68376
68380
68380
68380
68380
68384
68384
68384
68384
68388
68388
68388
68388
68392
68392
68392
68392
68396
68396
68396
68396
68400
68400
68400
68400
68404
68404
68404
68404
68408
68408
68408
68408
68412
68412
68412
68412
68416
68416
68416
68416
68420
68420
68420
68420
68424
68424
68424
68424
68428
68428
68428
68428
68432
68432
68432
68432
68436
68436
68436
68436
68440
68440
68440
68440
68444
68444
68444
68444
68448
68448
68448
68448
68452
68452
68452
68452
68456
68456
68456
68456
68460
68460
68460
68460
68464
68464
68464
68464
68468
68468
68468
68468
68472
68472
68472
68472
68476
68476
68476
68476
68480
68480
68480
68480
68484
68484
68484
68484
68488
68488
68488
68488
68492
68492
68492
68492
68496
68496
68496
68496
68500
68500
68500
68500
68504
68504
68504
68504
68508
68508
68508
68508
68512
68512
68512
68512
68516
68516
68516
68516
68520
68520
68520
68520
68524
68524
68524
68524
68528
68528
68528
68528
68532
68532
68532
68532
68536
68536
68536
68536
68540
68540
68540
68540
68544
68544
68544
68544
68548
68548
68548
68548
68552
68552
68552
68552
68556
68556
68556
68556
68560
68560
68560
68560
68564
68564
68564
68564
68568
68568
68568
68568
68572
68572
68572
68572
68576
68576
68576
68576
68580
68580
68580
68580
68584
68584
68584
68584
68588
68588
68588
68588
68592
68592
68592
68592
68596
68596
68596
68596
68600
68600
68600
68600
68604
68604
68604
68604
68608
68608
68608
68608
68612
68612
68612
68612
68616
68616
68616
68616
68620
68620
68620
68620
68624
68624
68624
68624
68628
68628
68628
68628
68632
68632
68632
68632
68636
68636
68636
68636
68640
68640
68640
68640
68644
68644
68644
68644
68648
68648
68648
68648
68652
68652
68652
68652
68656
68656
68656
68656
68660
68660
68660
68660
68664
68664
68664
68664
68668
68668
68668
68668
68672
68672
68672
68672
68676
68676
68676
68676
68680
68680
68680
68680
68684
68684
68684
68684
68688
68688
68688
68688
68692
68692
68692
68692
68696
68696
68696
68696
68700
68700
68700
68700
68704
68704
68704
68704
68708
68708
68708
68708
68712
68712
68712
68712
68716
68716
68716
68716
68720
68720
68720
68720
68724
68724
68724
68724
68728
68728
68728
68728
68732
68732
68732
68732
68736
68736
68736
68736
68740
68740
68740
68740
68744
68744
68744
68744
68748
68748
68748
68748
68752
68752
68752
68752
68756
68756
68756
68756
68760
68760
68760
68760
68764
68764
68764
68764
68768
68768
68768
68768
68772
68772
68772
68772
68776
68776
68776
68776
68780
68780
68780
68780
68784
68784
68784
68784
68788
68788
68788
68788
68792
68792
68792
68792
68796
68796
68796
68796
66780
66780
66780
66780
66784
66784
66784
66784
67776
67776
67776
67776
66788
66788
66788
66788
67780
67780
67780
67780
66792
66792
66792
66792
67784
67784
67784
67784
66796
66796
66796
66796
67788
67788
67788
67788
66800
66800
66800
66800
67792
67792
67792
67792
66804
66804
66804
66804
67796
67796
67796
67796
66808
66808
66808
66808
67800
67800
67800
67800
66812
66812
66812
66812
68800
68800
68800
68800
68804
68804
68804
68804
68808
68808
68808
68808
68812
68812
68812
68812
68816
68816
68816
68816
68820
68820
68820
68820
68824
68824
68824
68824
68828
68828
68828
68828
68832
68832
68832
68832
68836
68836
68836
68836
68840
68840
68840
68840
68844
68844
68844
68844
68848
68848
68848
68848
68852
68852
68852
68852
68856
68856
68856
68856
68860
68860
68860
68860
68864
68864
68864
68864
68868
68868
68868
68868
68872
68872
68872
68872
68876
68876
68876
68876
68880
68880
68880
68880
68884
68884
68884
68884
68888
68888
68888
68888
68892
68892
68892
68892
68896
68896
68896
68896
68900
68900
68900
68900
68904
68904
68904
68904
68908
68908
68908
68908
68912
68912
68912
68912
68916
68916
68916
68916
68920
68920
68920
68920
68924
68924
68924
68924
68928
68928
68928
68928
68932
68932
68932
68932
68936
68936
68936
68936
68940
68940
68940
68940
68944
68944
68944
68944
68948
68948
68948
68948
68952
68952
68952
68952
68956
68956
68956
68956
68960
68960
68960
68960
68964
68964
68964
68964
68968
68968
68968
68968
68972
68972
68972
68972
68976
68976
68976
68976
68980
68980
68980
68980
68984
68984
68984
68984
68988
68988
68988
68988
68992
68992
68992
68992
68996
68996
68996
68996
69000
69000
69000
69000
69004
69004
69004
69004
69008
69008
69008
69008
69012
69012
69012
69012
69016
69016
69016
69016
69020
69020
69020
69020
69024
69024
69024
69024
69028
69028
69028
69028
69032
69032
69032
69032
69036
69036
69036
69036
69040
69040
69040
69040
69044
69044
69044
69044
69048
69048
69048
69048
69052
69052
69052
69052
69056
69056
69056
69056
69060
69060
69060
69060
69064
69064
69064
69064
69068
69068
69068
69068
69072
69072
69072
69072
69076
69076
69076
69076
69080
69080
69080
69080
69084
69084
69084
69084
69088
69088
69088
69088
69092
69092
69092
69092
69096
69096
69096
69096
69100
69100
69100
69100
69104
69104
69104
69104
69108
69108
69108
69108
69112
69112
69112
69112
69116
69116
69116
69116
69120
69120
69120
69120
69124
69124
69124
69124
69128
69128
69128
69128
69132
69132
69132
69132
69136
69136
69136
69136
69140
69140
69140
69140
69144
69144
69144
69144
69148
69148
69148
69148
69152
69152
69152
69152
69156
69156
69156
69156
69160
69160
69160
69160
69164
69164
69164
69164
69168
69168
69168
69168
69172
69172
69172
69172
69176
69176
69176
69176
69180
69180
69180
69180
69184
69184
69184
69184
69188
69188
69188
69188
69192
69192
69192
69192
69196
69196
69196
69196
69200
69200
69200
69200
69204
69204
69204
69204
69208
69208
69208
69208
69212
69212
69212
69212
69216
69216
69216
69216
69220
69220
69220
69220
69224
69224
69224
69224
69228
69228
69228
69228
69232
69232
69232
69232
69236
69236
69236
69236
69240
69240
69240
69240
69244
69244
69244
69244
69248
69248
69248
69248
69252
69252
69252
69252
69256
69256
69256
69256
69260
69260
69260
69260
69264
69264
69264
69264
69268
69268
69268
69268
69272
69272
69272
69272
69276
69276
69276
69276
69280
69280
69280
69280
69284
69284
69284
69284
69288
69288
69288
69288
69292
69292
69292
69292
69296
69296
69296
69296
69300
69300
69300
69300
69304
69304
69304
69304
69308
69308
69308
69308
69312
69312
69312
69312
69316
69316
69316
69316
69320
69320
69320
69320
69324
69324
69324
69324
69328
69328
69328
69328
69332
69332
69332
69332
69336
69336
69336
69336
69340
69340
69340
69340
69344
69344
69344
69344
69348
69348
69348
69348
69352
69352
69352
69352
69356
69356
69356
69356
69360
69360
69360
69360
69364
69364
69364
69364
69368
69368
69368
69368
69372
69372
69372
69372
69376
69376
69376
69376
69380
69380
69380
69380
69384
69384
69384
69384
69388
69388
69388
69388
69392
69392
69392
69392
69396
69396
69396
69396
69400
69400
69400
69400
69404
69404
69404
69404
69408
69408
69408
69408
69412
69412
69412
69412
69416
69416
69416
69416
69420
69420
69420
69420
69424
69424
69424
69424
69428
69428
69428
69428
69432
69432
69432
69432
69436
69436
69436
69436
69440
69440
69440
69440
69444
69444
69444
69444
69448
69448
69448
69448
69452
69452
69452
69452
69456
69456
69456
69456
69460
69460
69460
69460
69464
69464
69464
69464
69468
69468
69468
69468
69472
69472
69472
69472
69476
69476
69476
69476
69480
69480
69480
69480
69484
69484
69484
69484
69488
69488
69488
69488
69492
69492
69492
69492
69496
69496
69496
69496
69500
69500
69500
69500
69504
69504
69504
69504
69508
69508
69508
69508
69512
69512
69512
69512
69516
69516
69516
69516
69520
69520
69520
69520
69524
69524
69524
69524
69528
69528
69528
69528
69532
69532
69532
69532
69536
69536
69536
69536
69540
69540
69540
69540
69544
69544
69544
69544
69548
69548
69548
69548
69552
69552
69552
69552
69556
69556
69556
69556
69560
69560
69560
69560
69564
69564
69564
69564
69568
69568
69568
69568
69572
69572
69572
69572
69576
69576
69576
69576
69580
69580
69580
69580
69584
69584
69584
69584
69588
69588
69588
69588
69592
69592
69592
69592
69596
69596
69596
69596
69600
69600
69600
69600
69604
69604
69604
69604
69608
69608
69608
69608
69612
69612
69612
69612
69616
69616
69616
69616
69620
69620
69620
69620
69624
69624
69624
69624
69628
69628
69628
69628
69632
69632
69632
69632
69636
69636
69636
69636
69640
69640
69640
69640
69644
69644
69644
69644
69648
69648
69648
69648
69652
69652
69652
69652
69656
69656
69656
69656
69660
69660
69660
69660
69664
69664
69664
69664
69668
69668
69668
69668
69672
69672
69672
69672
69676
69676
69676
69676
69680
69680
69680
69680
69684
69684
69684
69684
69688
69688
69688
69688
69692
69692
69692
69692
69696
69696
69696
69696
69700
69700
69700
69700
69704
69704
69704
69704
69708
69708
69708
69708
69712
69712
69712
69712
69716
69716
69716
69716
69720
69720
69720
69720
69724
69724
69724
69724
69728
69728
69728
69728
69732
69732
69732
69732
69736
69736
69736
69736
69740
69740
69740
69740
69744
69744
69744
69744
69748
69748
69748
69748
69752
69752
69752
69752
69756
69756
69756
69756
69760
69760
69760
69760
69764
69764
69764
69764
69768
69768
69768
69768
69772
69772
69772
69772
69776
69776
69776
69776
69780
69780
69780
69780
69784
69784
69784
69784
69788
69788
69788
69788
69792
69792
69792
69792
69796
69796
69796
69796
69800
69800
69800
69800
69804
69804
69804
69804
69808
69808
69808
69808
69812
69812
69812
69812
69816
69816
69816
69816
69820
69820
69820
69820
67804
67804
67804
67804
66816
66816
66816
66816
67808
67808
67808
67808
68800
68800
68800
68800
66820
66820
66820
66820
67812
67812
67812
67812
68804
68804
68804
68804
66824
66824
66824
66824
67816
67816
67816
67816
68808
68808
68808
68808
66828
66828
66828
66828
67820
67820
67820
67820
68812
68812
68812
68812
66832
66832
66832
66832
67824
67824
67824
67824
68816
68816
68816
68816
66836
66836
66836
66836
67828
67828
67828
67828
68820
68820
68820
68820
66840
66840
66840
66840
67832
67832
67832
67832
68824
68824
68824
68824
66844
66844
66844
66844
67836
67836
67836
67836
68828
68828
68828
68828
65728
65728
65728
65728
65732
65732
65732
65732
65736
65736
65736
65736
65740
65740
65740
65740
65744
65744
65744
65744
65748
65748
65748
65748
65752
65752
65752
65752
65756
65756
65756
65756
65760
65760
65760
65760
65764
65764
65764
65764
65768
65768
65768
65768
65772
65772
65772
65772
65776
65776
65776
65776
65780
65780
65780
65780
65784
65784
65784
65784
65788
65788
65788
65788
65792
65792
65792
65792
65796
65796
65796
65796
65800
65800
65800
65800
65804
65804
65804
65804
65808
65808
65808
65808
65812
65812
65812
65812
65816
65816
65816
65816
65820
65820
65820
65820
65824
65824
65824
65824
65828
65828
65828
65828
65832
65832
65832
65832
65836
65836
65836
65836
65840
65840
65840
65840
65844
65844
65844
65844
65848
65848
65848
65848
65852
65852
65852
65852
65856
65856
65856
65856
65860
65860
65860
65860
65864
65864
65864
65864
65868
65868
65868
65868
65872
65872
65872
65872
65876
65876
65876
65876
65880
65880
65880
65880
65884
65884
65884
65884
65888
65888
65888
65888
65892
65892
65892
65892
65896
65896
65896
65896
65900
65900
65900
65900
65904
65904
65904
65904
65908
65908
65908
65908
65912
65912
65912
65912
65916
65916
65916
65916
65920
65920
65920
65920
65924
65924
65924
65924
65928
65928
65928
65928
65932
65932
65932
65932
65936
65936
65936
65936
65940
65940
65940
65940
65944
65944
65944
65944
65948
65948
65948
65948
65952
65952
65952
65952
65956
65956
65956
65956
65960
65960
65960
65960
65964
65964
65964
65964
65968
65968
65968
65968
65972
65972
65972
65972
65976
65976
65976
65976
65980
65980
65980
65980
65984
65984
65984
65984
65988
65988
65988
65988
65992
65992
65992
65992
65996
65996
65996
65996
66000
66000
66000
66000
66004
66004
66004
66004
66008
66008
66008
66008
66012
66012
66012
66012
66016
66016
66016
66016
66020
66020
66020
66020
66024
66024
66024
66024
66028
66028
66028
66028
66032
66032
66032
66032
66036
66036
66036
66036
66040
66040
66040
66040
66044
66044
66044
66044
66048
66048
66048
66048
66052
66052
66052
66052
66056
66056
66056
66056
66060
66060
66060
66060
66064
66064
66064
66064
66068
66068
66068
66068
66072
66072
66072
66072
66076
66076
66076
66076
66080
66080
66080
66080
66084
66084
66084
66084
66088
66088
66088
66088
66092
66092
66092
66092
66096
66096
66096
66096
66100
66100
66100
66100
66104
66104
66104
66104
66108
66108
66108
66108
66112
66112
66112
66112
66116
66116
66116
66116
66120
66120
66120
66120
66124
66124
66124
66124
66128
66128
66128
66128
66132
66132
66132
66132
66136
66136
66136
66136
66140
66140
66140
66140
66144
66144
66144
66144
66148
66148
66148
66148
66152
66152
66152
66152
66156
66156
66156
66156
66160
66160
66160
66160
66164
66164
66164
66164
66168
66168
66168
66168
66172
66172
66172
66172
66176
66176
66176
66176
66180
66180
66180
66180
66184
66184
66184
66184
66188
66188
66188
66188
66192
66192
66192
66192
66196
66196
66196
66196
66200
66200
66200
66200
66204
66204
66204
66204
66208
66208
66208
66208
66212
66212
66212
66212
66216
66216
66216
66216
66220
66220
66220
66220
66224
66224
66224
66224
66228
66228
66228
66228
66232
66232
66232
66232
66236
66236
66236
66236
66240
66240
66240
66240
66244
66244
66244
66244
66248
66248
66248
66248
66252
66252
66252
66252
66256
66256
66256
66256
66260
66260
66260
66260
66264
66264
66264
66264
66268
66268
66268
66268
66272
66272
66272
66272
66276
66276
66276
66276
66280
66280
66280
66280
66284
66284
66284
66284
66288
66288
66288
66288
66292
66292
66292
66292
66296
66296
66296
66296
66300
66300
66300
66300
66304
66304
66304
66304
66308
66308
66308
66308
66312
66312
66312
66312
66316
66316
66316
66316
66320
66320
66320
66320
66324
66324
66324
66324
66328
66328
66328
66328
66332
66332
66332
66332
66336
66336
66336
66336
66340
66340
66340
66340
66344
66344
66344
66344
66348
66348
66348
66348
66352
66352
66352
66352
66356
66356
66356
66356
66360
66360
66360
66360
66364
66364
66364
66364
66368
66368
66368
66368
66372
66372
66372
66372
66376
66376
66376
66376
66380
66380
66380
66380
66384
66384
66384
66384
66388
66388
66388
66388
66392
66392
66392
66392
66396
66396
66396
66396
66400
66400
66400
66400
66404
66404
66404
66404
66408
66408
66408
66408
66412
66412
66412
66412
66416
66416
66416
66416
66420
66420
66420
66420
66424
66424
66424
66424
66428
66428
66428
66428
66432
66432
66432
66432
66436
66436
66436
66436
66440
66440
66440
66440
66444
66444
66444
66444
66448
66448
66448
66448
66452
66452
66452
66452
66456
66456
66456
66456
66460
66460
66460
66460
66464
66464
66464
66464
66468
66468
66468
66468
66472
66472
66472
66472
66476
66476
66476
66476
66480
66480
66480
66480
66484
66484
66484
66484
66488
66488
66488
66488
66492
66492
66492
66492
66496
66496
66496
66496
66500
66500
66500
66500
66504
66504
66504
66504
66508
66508
66508
66508
66512
66512
66512
66512
66516
66516
66516
66516
66520
66520
66520
66520
66524
66524
66524
66524
66528
66528
66528
66528
66532
66532
66532
66532
66536
66536
66536
66536
66540
66540
66540
66540
66544
66544
66544
66544
66548
66548
66548
66548
66552
66552
66552
66552
66556
66556
66556
66556
66560
66560
66560
66560
66564
66564
66564
66564
66568
66568
66568
66568
66572
66572
66572
66572
66576
66576
66576
66576
66580
66580
66580
66580
66584
66584
66584
66584
66588
66588
66588
66588
66592
66592
66592
66592
66596
66596
66596
66596
66600
66600
66600
66600
66604
66604
66604
66604
66608
66608
66608
66608
66612
66612
66612
66612
66616
66616
66616
66616
66620
66620
66620
66620
66624
66624
66624
66624
66628
66628
66628
66628
66632
66632
66632
66632
66636
66636
66636
66636
66640
66640
66640
66640
66644
66644
66644
66644
66648
66648
66648
66648
66652
66652
66652
66652
66656
66656
66656
66656
66660
66660
66660
66660
66664
66664
66664
66664
66668
66668
66668
66668
66672
66672
66672
66672
66676
66676
66676
66676
66680
66680
66680
66680
66684
66684
66684
66684
66688
66688
66688
66688
66692
66692
66692
66692
66696
66696
66696
66696
66700
66700
66700
66700
66704
66704
66704
66704
66708
66708
66708
66708
66712
66712
66712
66712
66716
66716
66716
66716
66720
66720
66720
66720
66724
66724
66724
66724
66728
66728
66728
66728
66732
66732
66732
66732
66736
66736
66736
66736
66740
66740
66740
66740
66744
66744
66744
66744
66748
66748
66748
66748
66848
66848
66848
66848
67840
67840
67840
67840
68832
68832
68832
68832
66852
66852
66852
66852
67844
67844
67844
67844
68836
68836
68836
68836
66856
66856
66856
66856
67848
67848
67848
67848
68840
68840
68840
68840
66860
66860
66860
66860
67852
67852
67852
67852
68844
68844
68844
68844
66864
66864
66864
66864
67856
67856
67856
67856
68848
68848
68848
68848
66868
66868
66868
66868
67860
67860
67860
67860
68852
68852
68852
68852
66872
66872
66872
66872
67864
67864
67864
67864
68856
68856
68856
68856
66876
66876
66876
66876
67868
67868
67868
67868
68860
68860
68860
68860
66880
66880
66880
66880
67872
67872
67872
67872
68864
68864
68864
68864
82112
82112
82112
82112
82116
82116
82116
82116
82120
82120
82120
82120
82124
82124
82124
82124
82128
82128
82128
82128
82132
82132
82132
82132
82136
82136
82136
82136
82140
82140
82140
82140
82144
82144
82144
82144
82148
82148
82148
82148
82152
82152
82152
82152
82156
82156
82156
82156
82160
82160
82160
82160
82164
82164
82164
82164
82168
82168
82168
82168
82172
82172
82172
82172
82176
82176
82176
82176
82180
82180
82180
82180
82184
82184
82184
82184
82188
82188
82188
82188
82192
82192
82192
82192
82196
82196
82196
82196
82200
82200
82200
82200
82204
82204
82204
82204
82208
82208
82208
82208
82212
82212
82212
82212
82216
82216
82216
82216
82220
82220
82220
82220
82224
82224
82224
82224
82228
82228
82228
82228
82232
82232
82232
82232
82236
82236
82236
82236
82240
82240
82240
82240
82244
82244
82244
82244
82248
82248
82248
82248
82252
82252
82252
82252
82256
82256
82256
82256
82260
82260
82260
82260
82264
82264
82264
82264
82268
82268
82268
82268
82272
82272
82272
82272
82276
82276
82276
82276
82280
82280
82280
82280
82284
82284
82284
82284
82288
82288
82288
82288
82292
82292
82292
82292
82296
82296
82296
82296
82300
82300
82300
82300
82304
82304
82304
82304
82308
82308
82308
82308
82312
82312
82312
82312
82316
82316
82316
82316
82320
82320
82320
82320
82324
82324
82324
82324
82328
82328
82328
82328
82332
82332
82332
82332
82336
82336
82336
82336
82340
82340
82340
82340
82344
82344
82344
82344
82348
82348
82348
82348
82352
82352
82352
82352
82356
82356
82356
82356
82360
82360
82360
82360
82364
82364
82364
82364
82368
82368
82368
82368
82372
82372
82372
82372
82376
82376
82376
82376
82380
82380
82380
82380
82384
82384
82384
82384
82388
82388
82388
82388
82392
82392
82392
82392
82396
82396
82396
82396
82400
82400
82400
82400
82404
82404
82404
82404
82408
82408
82408
82408
82412
82412
82412
82412
82416
82416
82416
82416
82420
82420
82420
82420
82424
82424
82424
82424
82428
82428
82428
82428
82432
82432
82432
82432
82436
82436
82436
82436
82440
82440
82440
82440
82444
82444
82444
82444
82448
82448
82448
82448
82452
82452
82452
82452
82456
82456
82456
82456
82460
82460
82460
82460
82464
82464
82464
82464
82468
82468
82468
82468
82472
82472
82472
82472
82476
82476
82476
82476
82480
82480
82480
82480
82484
82484
82484
82484
82488
82488
82488
82488
82492
82492
82492
82492
82496
82496
82496
82496
82500
82500
82500
82500
82504
82504
82504
82504
82508
82508
82508
82508
82512
82512
82512
82512
82516
82516
82516
82516
82520
82520
82520
82520
82524
82524
82524
82524
82528
82528
82528
82528
82532
82532
82532
82532
82536
82536
82536
82536
82540
82540
82540
82540
82544
82544
82544
82544
82548
82548
82548
82548
82552
82552
82552
82552
82556
82556
82556
82556
82560
82560
82560
82560
82564
82564
82564
82564
82568
82568
82568
82568
82572
82572
82572
82572
82576
82576
82576
82576
82580
82580
82580
82580
82584
82584
82584
82584
82588
82588
82588
82588
82592
82592
82592
82592
82596
82596
82596
82596
82600
82600
82600
82600
82604
82604
82604
82604
82608
82608
82608
82608
82612
82612
82612
82612
82616
82616
82616
82616
82620
82620
82620
82620
82624
82624
82624
82624
82628
82628
82628
82628
82632
82632
82632
82632
82636
82636
82636
82636
82640
82640
82640
82640
82644
82644
82644
82644
82648
82648
82648
82648
82652
82652
82652
82652
82656
82656
82656
82656
82660
82660
82660
82660
82664
82664
82664
82664
82668
82668
82668
82668
82672
82672
82672
82672
82676
82676
82676
82676
82680
82680
82680
82680
82684
82684
82684
82684
82688
82688
82688
82688
82692
82692
82692
82692
82696
82696
82696
82696
82700
82700
82700
82700
82704
82704
82704
82704
82708
82708
82708
82708
82712
82712
82712
82712
82716
82716
82716
82716
82720
82720
82720
82720
82724
82724
82724
82724
82728
82728
82728
82728
82732
82732
82732
82732
82736
82736
82736
82736
82740
82740
82740
82740
82744
82744
82744
82744
82748
82748
82748
82748
82752
82752
82752
82752
82756
82756
82756
82756
82760
82760
82760
82760
82764
82764
82764
82764
82768
82768
82768
82768
82772
82772
82772
82772
82776
82776
82776
82776
82780
82780
82780
82780
82784
82784
82784
82784
82788
82788
82788
82788
82792
82792
82792
82792
82796
82796
82796
82796
82800
82800
82800
82800
82804
82804
82804
82804
82808
82808
82808
82808
82812
82812
82812
82812
82816
82816
82816
82816
82820
82820
82820
82820
82824
82824
82824
82824
82828
82828
82828
82828
82832
82832
82832
82832
82836
82836
82836
82836
82840
82840
82840
82840
82844
82844
82844
82844
82848
82848
82848
82848
82852
82852
82852
82852
82856
82856
82856
82856
82860
82860
82860
82860
82864
82864
82864
82864
82868
82868
82868
82868
82872
82872
82872
82872
82876
82876
82876
82876
82880
82880
82880
82880
82884
82884
82884
82884
82888
82888
82888
82888
82892
82892
82892
82892
82896
82896
82896
82896
82900
82900
82900
82900
82904
82904
82904
82904
82908
82908
82908
82908
82912
82912
82912
82912
82916
82916
82916
82916
82920
82920
82920
82920
82924
82924
82924
82924
82928
82928
82928
82928
82932
82932
82932
82932
82936
82936
82936
82936
82940
82940
82940
82940
82944
82944
82944
82944
82948
82948
82948
82948
82952
82952
82952
82952
82956
82956
82956
82956
82960
82960
82960
82960
82964
82964
82964
82964
82968
82968
82968
82968
82972
82972
82972
82972
82976
82976
82976
82976
82980
82980
82980
82980
82984
82984
82984
82984
82988
82988
82988
82988
82992
82992
82992
82992
82996
82996
82996
82996
83000
83000
83000
83000
83004
83004
83004
83004
83008
83008
83008
83008
83012
83012
83012
83012
83016
83016
83016
83016
83020
83020
83020
83020
83024
83024
83024
83024
83028
83028
83028
83028
83032
83032
83032
83032
83036
83036
83036
83036
83040
83040
83040
83040
83044
83044
83044
83044
83048
83048
83048
83048
83052
83052
83052
83052
83056
83056
83056
83056
83060
83060
83060
83060
83064
83064
83064
83064
83068
83068
83068
83068
83072
83072
83072
83072
83076
83076
83076
83076
83080
83080
83080
83080
83084
83084
83084
83084
83088
83088
83088
83088
83092
83092
83092
83092
83096
83096
83096
83096
83100
83100
83100
83100
83104
83104
83104
83104
83108
83108
83108
83108
83112
83112
83112
83112
83116
83116
83116
83116
83120
83120
83120
83120
83124
83124
83124
83124
83128
83128
83128
83128
83132
83132
83132
83132
66884
66884
66884
66884
67876
67876
67876
67876
68868
68868
68868
68868
82112
82112
82112
82112
66888
66888
66888
66888
67880
67880
67880
67880
68872
68872
68872
68872
82116
82116
82116
82116
66892
66892
66892
66892
67884
67884
67884
67884
68876
68876
68876
68876
82120
82120
82120
82120
66896
66896
66896
66896
67888
67888
67888
67888
68880
68880
68880
68880
82124
82124
82124
82124
66900
66900
66900
66900
67892
67892
67892
67892
68884
68884
68884
68884
82128
82128
82128
82128
66904
66904
66904
66904
67896
67896
67896
67896
68888
68888
68888
68888
82132
82132
82132
82132
66908
66908
66908
66908
67900
67900
67900
67900
68892
68892
68892
68892
82136
82136
82136
82136
66912
66912
66912
66912
67904
67904
67904
67904
68896
68896
68896
68896
82140
82140
82140
82140
66916
66916
66916
66916
67908
67908
67908
67908
68900
68900
68900
68900
82144
82144
82144
82144
66920
66920
66920
66920
67912
67912
67912
67912
68904
68904
68904
68904
82148
82148
82148
82148
66924
66924
66924
66924
67916
67916
67916
67916
68908
68908
68908
68908
82152
82152
82152
82152
66928
66928
66928
66928
67920
67920
67920
67920
68912
68912
68912
68912
82156
82156
82156
82156
66932
66932
66932
66932
67924
67924
67924
67924
68916
68916
68916
68916
82160
82160
82160
82160
66936
66936
66936
66936
67928
67928
67928
67928
68920
68920
68920
68920
82164
82164
82164
82164
66940
66940
66940
66940
67932
67932
67932
67932
68924
68924
68924
68924
82168
82168
82168
82168
66944
66944
66944
66944
67936
67936
67936
67936
68928
68928
68928
68928
82172
82172
82172
82172
66948
66948
66948
66948
67940
67940
67940
67940
68932
68932
68932
68932
82176
82176
82176
82176
66952
66952
66952
66952
67944
67944
67944
67944
68936
68936
68936
68936
82180
82180
82180
82180
66956
66956
66956
66956
67948
67948
67948
67948
68940
68940
68940
68940
82184
82184
82184
82184
66960
66960
66960
66960
67952
67952
67952
67952
68944
68944
68944
68944
82188
82188
82188
82188
66964
66964
66964
66964
67956
67956
67956
67956
68948
68948
68948
68948
82192
82192
82192
82192
66968
66968
66968
66968
67960
67960
67960
67960
68952
68952
68952
68952
82196
82196
82196
82196
66972
66972
66972
66972
67964
67964
67964
67964
68956
68956
68956
68956
82200
82200
82200
82200
66976
66976
66976
66976
67968
67968
67968
67968
68960
68960
68960
68960
82204
82204
82204
82204
66980
66980
66980
66980
67972
67972
67972
67972
68964
68964
68964
68964
82208
82208
82208
82208
66984
66984
66984
66984
67976
67976
67976
67976
68968
68968
68968
68968
82212
82212
82212
82212
66988
66988
66988
66988
67980
67980
67980
67980
68972
68972
68972
68972
82216
82216
82216
82216
66992
66992
66992
66992
67984
67984
67984
67984
68976
68976
68976
68976
82220
82220
82220
82220
66996
66996
66996
66996
67988
67988
67988
67988
68980
68980
68980
68980
82224
82224
82224
82224
67000
67000
67000
67000
67992
67992
67992
67992
68984
68984
68984
68984
82228
82228
82228
82228
67004
67004
67004
67004
67996
67996
67996
67996
68988
68988
68988
68988
82232
82232
82232
82232
67008
67008
67008
67008
68000
68000
68000
68000
68992
68992
68992
68992
82236
82236
82236
82236
67012
67012
67012
67012
68004
68004
68004
68004
68996
68996
68996
68996
82240
82240
82240
82240
67016
67016
67016
67016
68008
68008
68008
68008
69000
69000
69000
69000
82244
82244
82244
82244
67020
67020
67020
67020
68012
68012
68012
68012
69004
69004
69004
69004
82248
82248
82248
82248
67024
67024
67024
67024
68016
68016
68016
68016
69008
69008
69008
69008
82252
82252
82252
82252
67028
67028
67028
67028
68020
68020
68020
68020
69012
69012
69012
69012
82256
82256
82256
82256
67032
67032
67032
67032
68024
68024
68024
68024
69016
69016
69016
69016
82260
82260
82260
82260
67036
67036
67036
67036
68028
68028
68028
68028
69020
69020
69020
69020
82264
82264
82264
82264
67040
67040
67040
67040
68032
68032
68032
68032
69024
69024
69024
69024
82268
82268
82268
82268
67044
67044
67044
67044
68036
68036
68036
68036
69028
69028
69028
69028
82272
82272
82272
82272
67048
67048
67048
67048
68040
68040
68040
68040
69032
69032
69032
69032
82276
82276
82276
82276
67052
67052
67052
67052
68044
68044
68044
68044
69036
69036
69036
69036
82280
82280
82280
82280
67056
67056
67056
67056
68048
68048
68048
68048
69040
69040
69040
69040
82284
82284
82284
82284
67060
67060
67060
67060
68052
68052
68052
68052
69044
69044
69044
69044
82288
82288
82288
82288
67064
67064
67064
67064
68056
68056
68056
68056
69048
69048
69048
69048
82292
82292
82292
82292
67068
67068
67068
67068
68060
68060
68060
68060
69052
69052
69052
69052
82296
82296
82296
82296
67072
67072
67072
67072
68064
68064
68064
68064
69056
69056
69056
69056
82300
82300
82300
82300
67076
67076
67076
67076
68068
68068
68068
68068
69060
69060
69060
69060
82304
82304
82304
82304
67080
67080
67080
67080
68072
68072
68072
68072
69064
69064
69064
69064
82308
82308
82308
82308
67084
67084
67084
67084
68076
68076
68076
68076
69068
69068
69068
69068
82312
82312
82312
82312
67088
67088
67088
67088
68080
68080
68080
68080
69072
69072
69072
69072
82316
82316
82316
82316
67092
67092
67092
67092
68084
68084
68084
68084
69076
69076
69076
69076
82320
82320
82320
82320
67096
67096
67096
67096
68088
68088
68088
68088
69080
69080
69080
69080
82324
82324
82324
82324
67100
67100
67100
67100
68092
68092
68092
68092
69084
69084
69084
69084
82328
82328
82328
82328
67104
67104
67104
67104
68096
68096
68096
68096
69088
69088
69088
69088
82332
82332
82332
82332
67108
67108
67108
67108
68100
68100
68100
68100
69092
69092
69092
69092
82336
82336
82336
82336
67112
67112
67112
67112
68104
68104
68104
68104
69096
69096
69096
69096
82340
82340
82340
82340
67116
67116
67116
67116
68108
68108
68108
68108
69100
69100
69100
69100
82344
82344
82344
82344
67120
67120
67120
67120
68112
68112
68112
68112
69104
69104
69104
69104
82348
82348
82348
82348
67124
67124
67124
67124
68116
68116
68116
68116
69108
69108
69108
69108
82352
82352
82352
82352
67128
67128
67128
67128
68120
68120
68120
68120
69112
69112
69112
69112
82356
82356
82356
82356
67132
67132
67132
67132
68124
68124
68124
68124
69116
69116
69116
69116
82360
82360
82360
82360
67136
67136
67136
67136
68128
68128
68128
68128
69120
69120
69120
69120
82364
82364
82364
82364
67140
67140
67140
67140
68132
68132
68132
68132
69124
69124
69124
69124
82368
82368
82368
82368
67144
67144
67144
67144
68136
68136
68136
68136
69128
69128
69128
69128
82372
82372
82372
82372
67148
67148
67148
67148
68140
68140
68140
68140
69132
69132
69132
69132
82376
82376
82376
82376
67152
67152
67152
67152
68144
68144
68144
68144
69136
69136
69136
69136
82380
82380
82380
82380
67156
67156
67156
67156
68148
68148
68148
68148
69140
69140
69140
69140
82384
82384
82384
82384
67160
67160
67160
67160
68152
68152
68152
68152
69144
69144
69144
69144
82388
82388
82388
82388
67164
67164
67164
67164
68156
68156
68156
68156
69148
69148
69148
69148
82392
82392
82392
82392
67168
67168
67168
67168
68160
68160
68160
68160
69152
69152
69152
69152
82396
82396
82396
82396
67172
67172
67172
67172
68164
68164
68164
68164
69156
69156
69156
69156
82400
82400
82400
82400
67176
67176
67176
67176
68168
68168
68168
68168
69160
69160
69160
69160
82404
82404
82404
82404
67180
67180
67180
67180
68172
68172
68172
68172
69164
69164
69164
69164
82408
82408
82408
82408
67184
67184
67184
67184
68176
68176
68176
68176
69168
69168
69168
69168
82412
82412
82412
82412
67188
67188
67188
67188
68180
68180
68180
68180
69172
69172
69172
69172
82416
82416
82416
82416
67192
67192
67192
67192
68184
68184
68184
68184
69176
69176
69176
69176
82420
82420
82420
82420
67196
67196
67196
67196
68188
68188
68188
68188
69180
69180
69180
69180
82424
82424
82424
82424
67200
67200
67200
67200
68192
68192
68192
68192
69184
69184
69184
69184
82428
82428
82428
82428
67204
67204
67204
67204
68196
68196
68196
68196
69188
69188
69188
69188
82432
82432
82432
82432
67208
67208
67208
67208
68200
68200
68200
68200
69192
69192
69192
69192
82436
82436
82436
82436
67212
67212
67212
67212
68204
68204
68204
68204
69196
69196
69196
69196
82440
82440
82440
82440
67216
67216
67216
67216
68208
68208
68208
68208
69200
69200
69200
69200
82444
82444
82444
82444
67220
67220
67220
67220
68212
68212
68212
68212
69204
69204
69204
69204
82448
82448
82448
82448
67224
67224
67224
67224
68216
68216
68216
68216
69208
69208
69208
69208
82452
82452
82452
82452
67228
67228
67228
67228
68220
68220
68220
68220
69212
69212
69212
69212
82456
82456
82456
82456
67232
67232
67232
67232
68224
68224
68224
68224
69216
69216
69216
69216
82460
82460
82460
82460
67236
67236
67236
67236
68228
68228
68228
68228
69220
69220
69220
69220
82464
82464
82464
82464
67240
67240
67240
67240
68232
68232
68232
68232
69224
69224
69224
69224
82468
82468
82468
82468
67244
67244
67244
67244
68236
68236
68236
68236
69228
69228
69228
69228
82472
82472
82472
82472
67248
67248
67248
67248
68240
68240
68240
68240
69232
69232
69232
69232
82476
82476
82476
82476
67252
67252
67252
67252
68244
68244
68244
68244
69236
69236
69236
69236
82480
82480
82480
82480
67256
67256
67256
67256
68248
68248
68248
68248
69240
69240
69240
69240
82484
82484
82484
82484
67260
67260
67260
67260
68252
68252
68252
68252
69244
69244
69244
69244
82488
82488
82488
82488
67264
67264
67264
67264
68256
68256
68256
68256
69248
69248
69248
69248
82492
82492
82492
82492
67268
67268
67268
67268
68260
68260
68260
68260
69252
69252
69252
69252
82496
82496
82496
82496
67272
67272
67272
67272
68264
68264
68264
68264
69256
69256
69256
69256
82500
82500
82500
82500
67276
67276
67276
67276
68268
68268
68268
68268
69260
69260
69260
69260
82504
82504
82504
82504
67280
67280
67280
67280
68272
68272
68272
68272
69264
69264
69264
69264
82508
82508
82508
82508
67284
67284
67284
67284
68276
68276
68276
68276
69268
69268
69268
69268
82512
82512
82512
82512
67288
67288
67288
67288
68280
68280
68280
68280
69272
69272
69272
69272
82516
82516
82516
82516
67292
67292
67292
67292
68284
68284
68284
68284
69276
69276
69276
69276
82520
82520
82520
82520
67296
67296
67296
67296
68288
68288
68288
68288
69280
69280
69280
69280
82524
82524
82524
82524
67300
67300
67300
67300
68292
68292
68292
68292
69284
69284
69284
69284
82528
82528
82528
82528
67304
67304
67304
67304
68296
68296
68296
68296
69288
69288
69288
69288
82532
82532
82532
82532
67308
67308
67308
67308
68300
68300
68300
68300
69292
69292
69292
69292
82536
82536
82536
82536
67312
67312
67312
67312
68304
68304
68304
68304
69296
69296
69296
69296
82540
82540
82540
82540
67316
67316
67316
67316
68308
68308
68308
68308
69300
69300
69300
69300
82544
82544
82544
82544
67320
67320
67320
67320
68312
68312
68312
68312
69304
69304
69304
69304
82548
82548
82548
82548
67324
67324
67324
67324
68316
68316
68316
68316
69308
69308
69308
69308
82552
82552
82552
82552
67328
67328
67328
67328
68320
68320
68320
68320
69312
69312
69312
69312
82556
82556
82556
82556
67332
67332
67332
67332
68324
68324
68324
68324
69316
69316
69316
69316
82560
82560
82560
82560
67336
67336
67336
67336
68328
68328
68328
68328
69320
69320
69320
69320
82564
82564
82564
82564
67340
67340
67340
67340
68332
68332
68332
68332
69324
69324
69324
69324
82568
82568
82568
82568
67344
67344
67344
67344
68336
68336
68336
68336
69328
69328
69328
69328
82572
82572
82572
82572
67348
67348
67348
67348
68340
68340
68340
68340
69332
69332
69332
69332
82576
82576
82576
82576
67352
67352
67352
67352
68344
68344
68344
68344
69336
69336
69336
69336
82580
82580
82580
82580
67356
67356
67356
67356
68348
68348
68348
68348
69340
69340
69340
69340
82584
82584
82584
82584
67360
67360
67360
67360
68352
68352
68352
68352
69344
69344
69344
69344
82588
82588
82588
82588
67364
67364
67364
67364
68356
68356
68356
68356
69348
69348
69348
69348
82592
82592
82592
82592
67368
67368
67368
67368
68360
68360
68360
68360
69352
69352
69352
69352
82596
82596
82596
82596
67372
67372
67372
67372
68364
68364
68364
68364
69356
69356
69356
69356
82600
82600
82600
82600
67376
67376
67376
67376
68368
68368
68368
68368
69360
69360
69360
69360
82604
82604
82604
82604
67380
67380
67380
67380
68372
68372
68372
68372
69364
69364
69364
69364
82608
82608
82608
82608
67384
67384
67384
67384
68376
68376
68376
68376
69368
69368
69368
69368
82612
82612
82612
82612
67388
67388
67388
67388
68380
68380
68380
68380
69372
69372
69372
69372
82616
82616
82616
82616
67392
67392
67392
67392
68384
68384
68384
68384
69376
69376
69376
69376
82620
82620
82620
82620
67396
67396
67396
67396
68388
68388
68388
68388
69380
69380
69380
69380
82624
82624
82624
82624
67400
67400
67400
67400
68392
68392
68392
68392
69384
69384
69384
69384
82628
82628
82628
82628
67404
67404
67404
67404
68396
68396
68396
68396
69388
69388
69388
69388
82632
82632
82632
82632
67408
67408
67408
67408
68400
68400
68400
68400
69392
69392
69392
69392
82636
82636
82636
82636
67412
67412
67412
67412
68404
68404
68404
68404
69396
69396
69396
69396
82640
82640
82640
82640
67416
67416
67416
67416
68408
68408
68408
68408
69400
69400
69400
69400
82644
82644
82644
82644
67420
67420
67420
67420
68412
68412
68412
68412
69404
69404
69404
69404
82648
82648
82648
82648
67424
67424
67424
67424
68416
68416
68416
68416
69408
69408
69408
69408
82652
82652
82652
82652
67428
67428
67428
67428
68420
68420
68420
68420
69412
69412
69412
69412
82656
82656
82656
82656
67432
67432
67432
67432
68424
68424
68424
68424
69416
69416
69416
69416
82660
82660
82660
82660
67436
67436
67436
67436
68428
68428
68428
68428
69420
69420
69420
69420
82664
82664
82664
82664
67440
67440
67440
67440
68432
68432
68432
68432
69424
69424
69424
69424
82668
82668
82668
82668
67444
67444
67444
67444
68436
68436
68436
68436
69428
69428
69428
69428
82672
82672
82672
82672
67448
67448
67448
67448
68440
68440
68440
68440
69432
69432
69432
69432
82676
82676
82676
82676
67452
67452
67452
67452
68444
68444
68444
68444
69436
69436
69436
69436
82680
82680
82680
82680
67456
67456
67456
67456
68448
68448
68448
68448
69440
69440
69440
69440
82684
82684
82684
82684
67460
67460
67460
67460
68452
68452
68452
68452
69444
69444
69444
69444
82688
82688
82688
82688
67464
67464
67464
67464
68456
68456
68456
68456
69448
69448
69448
69448
82692
82692
82692
82692
67468
67468
67468
67468
68460
68460
68460
68460
69452
69452
69452
69452
82696
82696
82696
82696
67472
67472
67472
67472
68464
68464
68464
68464
69456
69456
69456
69456
82700
82700
82700
82700
67476
67476
67476
67476
68468
68468
68468
68468
69460
69460
69460
69460
82704
82704
82704
82704
67480
67480
67480
67480
68472
68472
68472
68472
69464
69464
69464
69464
82708
82708
82708
82708
67484
67484
67484
67484
68476
68476
68476
68476
69468
69468
69468
69468
82712
82712
82712
82712
67488
67488
67488
67488
68480
68480
68480
68480
69472
69472
69472
69472
82716
82716
82716
82716
67492
67492
67492
67492
68484
68484
68484
68484
69476
69476
69476
69476
82720
82720
82720
82720
67496
67496
67496
67496
68488
68488
68488
68488
69480
69480
69480
69480
82724
82724
82724
82724
67500
67500
67500
67500
68492
68492
68492
68492
69484
69484
69484
69484
82728
82728
82728
82728
67504
67504
67504
67504
68496
68496
68496
68496
69488
69488
69488
69488
82732
82732
82732
82732
67508
67508
67508
67508
68500
68500
68500
68500
69492
69492
69492
69492
82736
82736
82736
82736
67512
67512
67512
67512
68504
68504
68504
68504
69496
69496
69496
69496
82740
82740
82740
82740
67516
67516
67516
67516
68508
68508
68508
68508
69500
69500
69500
69500
82744
82744
82744
82744
67520
67520
67520
67520
68512
68512
68512
68512
69504
69504
69504
69504
82748
82748
82748
82748
67524
67524
67524
67524
68516
68516
68516
68516
69508
69508
69508
69508
82752
82752
82752
82752
67528
67528
67528
67528
68520
68520
68520
68520
69512
69512
69512
69512
82756
82756
82756
82756
67532
67532
67532
67532
68524
68524
68524
68524
69516
69516
69516
69516
82760
82760
82760
82760
67536
67536
67536
67536
68528
68528
68528
68528
69520
69520
69520
69520
82764
82764
82764
82764
67540
67540
67540
67540
68532
68532
68532
68532
69524
69524
69524
69524
82768
82768
82768
82768
67544
67544
67544
67544
68536
68536
68536
68536
69528
69528
69528
69528
82772
82772
82772
82772
67548
67548
67548
67548
68540
68540
68540
68540
69532
69532
69532
69532
82776
82776
82776
82776
67552
67552
67552
67552
68544
68544
68544
68544
69536
69536
69536
69536
82780
82780
82780
82780
67556
67556
67556
67556
68548
68548
68548
68548
69540
69540
69540
69540
82784
82784
82784
82784
67560
67560
67560
67560
68552
68552
68552
68552
69544
69544
69544
69544
82788
82788
82788
82788
67564
67564
67564
67564
68556
68556
68556
68556
69548
69548
69548
69548
82792
82792
82792
82792
67568
67568
67568
67568
68560
68560
68560
68560
69552
69552
69552
69552
82796
82796
82796
82796
67572
67572
67572
67572
68564
68564
68564
68564
69556
69556
69556
69556
82800
82800
82800
82800
67576
67576
67576
67576
68568
68568
68568
68568
69560
69560
69560
69560
82804
82804
82804
82804
67580
67580
67580
67580
68572
68572
68572
68572
69564
69564
69564
69564
82808
82808
82808
82808
67584
67584
67584
67584
68576
68576
68576
68576
69568
69568
69568
69568
82812
82812
82812
82812
67588
67588
67588
67588
68580
68580
68580
68580
69572
69572
69572
69572
82816
82816
82816
82816
67592
67592
67592
67592
68584
68584
68584
68584
69576
69576
69576
69576
82820
82820
82820
82820
67596
67596
67596
67596
68588
68588
68588
68588
69580
69580
69580
69580
82824
82824
82824
82824
67600
67600
67600
67600
68592
68592
68592
68592
69584
69584
69584
69584
82828
82828
82828
82828
67604
67604
67604
67604
68596
68596
68596
68596
69588
69588
69588
69588
82832
82832
82832
82832
67608
67608
67608
67608
68600
68600
68600
68600
69592
69592
69592
69592
82836
82836
82836
82836
67612
67612
67612
67612
68604
68604
68604
68604
69596
69596
69596
69596
82840
82840
82840
82840
67616
67616
67616
67616
68608
68608
68608
68608
69600
69600
69600
69600
82844
82844
82844
82844
67620
67620
67620
67620
68612
68612
68612
68612
69604
69604
69604
69604
82848
82848
82848
82848
67624
67624
67624
67624
68616
68616
68616
68616
69608
69608
69608
69608
82852
82852
82852
82852
67628
67628
67628
67628
68620
68620
68620
68620
69612
69612
69612
69612
82856
82856
82856
82856
67632
67632
67632
67632
68624
68624
68624
68624
69616
69616
69616
69616
82860
82860
82860
82860
67636
67636
67636
67636
68628
68628
68628
68628
69620
69620
69620
69620
82864
82864
82864
82864
67640
67640
67640
67640
68632
68632
68632
68632
69624
69624
69624
69624
82868
82868
82868
82868
67644
67644
67644
67644
68636
68636
68636
68636
69628
69628
69628
69628
82872
82872
82872
82872
67648
67648
67648
67648
68640
68640
68640
68640
69632
69632
69632
69632
82876
82876
82876
82876
67652
67652
67652
67652
68644
68644
68644
68644
69636
69636
69636
69636
82880
82880
82880
82880
67656
67656
67656
67656
68648
68648
68648
68648
69640
69640
69640
69640
82884
82884
82884
82884
67660
67660
67660
67660
68652
68652
68652
68652
69644
69644
69644
69644
82888
82888
82888
82888
67664
67664
67664
67664
68656
68656
68656
68656
69648
69648
69648
69648
82892
82892
82892
82892
67668
67668
67668
67668
68660
68660
68660
68660
69652
69652
69652
69652
82896
82896
82896
82896
67672
67672
67672
67672
68664
68664
68664
68664
69656
69656
69656
69656
82900
82900
82900
82900
67676
67676
67676
67676
68668
68668
68668
68668
69660
69660
69660
69660
82904
82904
82904
82904
67680
67680
67680
67680
68672
68672
68672
68672
69664
69664
69664
69664
82908
82908
82908
82908
67684
67684
67684
67684
68676
68676
68676
68676
69668
69668
69668
69668
82912
82912
82912
82912
67688
67688
67688
67688
68680
68680
68680
68680
69672
69672
69672
69672
82916
82916
82916
82916
67692
67692
67692
67692
68684
68684
68684
68684
69676
69676
69676
69676
82920
82920
82920
82920
67696
67696
67696
67696
68688
68688
68688
68688
69680
69680
69680
69680
82924
82924
82924
82924
67700
67700
67700
67700
68692
68692
68692
68692
69684
69684
69684
69684
82928
82928
82928
82928
67704
67704
67704
67704
68696
68696
68696
68696
69688
69688
69688
69688
82932
82932
82932
82932
67708
67708
67708
67708
68700
68700
68700
68700
69692
69692
69692
69692
82936
82936
82936
82936
67712
67712
67712
67712
68704
68704
68704
68704
69696
69696
69696
69696
82940
82940
82940
82940
67716
67716
67716
67716
68708
68708
68708
68708
69700
69700
69700
69700
82944
82944
82944
82944
67720
67720
67720
67720
68712
68712
68712
68712
69704
69704
69704
69704
82948
82948
82948
82948
67724
67724
67724
67724
68716
68716
68716
68716
69708
69708
69708
69708
82952
82952
82952
82952
67728
67728
67728
67728
68720
68720
68720
68720
69712
69712
69712
69712
82956
82956
82956
82956
67732
67732
67732
67732
68724
68724
68724
68724
69716
69716
69716
69716
82960
82960
82960
82960
67736
67736
67736
67736
68728
68728
68728
68728
69720
69720
69720
69720
82964
82964
82964
82964
67740
67740
67740
67740
68732
68732
68732
68732
69724
69724
69724
69724
82968
82968
82968
82968
67744
67744
67744
67744
68736
68736
68736
68736
69728
69728
69728
69728
82972
82972
82972
82972
67748
67748
67748
67748
68740
68740
68740
68740
69732
69732
69732
69732
82976
82976
82976
82976
67752
67752
67752
67752
68744
68744
68744
68744
69736
69736
69736
69736
82980
82980
82980
82980
67756
67756
67756
67756
68748
68748
68748
68748
69740
69740
69740
69740
82984
82984
82984
82984
67760
67760
67760
67760
68752
68752
68752
68752
69744
69744
69744
69744
82988
82988
82988
82988
67764
67764
67764
67764
68756
68756
68756
68756
69748
69748
69748
69748
82992
82992
82992
82992
67768
67768
67768
67768
68760
68760
68760
68760
69752
69752
69752
69752
82996
82996
82996
82996
67772
67772
67772
67772
68764
68764
68764
68764
69756
69756
69756
69756
83000
83000
83000
83000
68768
68768
68768
68768
69760
69760
69760
69760
83004
83004
83004
83004
68772
68772
68772
68772
69764
69764
69764
69764
83008
83008
83008
83008
68776
68776
68776
68776
69768
69768
69768
69768
83012
83012
83012
83012
68780
68780
68780
68780
69772
69772
69772
69772
83016
83016
83016
83016
68784
68784
68784
68784
69776
69776
69776
69776
83020
83020
83020
83020
68788
68788
68788
68788
69780
69780
69780
69780
83024
83024
83024
83024
68792
68792
68792
68792
69784
69784
69784
69784
83028
83028
83028
83028
68796
68796
68796
68796
69788
69788
69788
69788
83032
83032
83032
83032
69792
69792
69792
69792
83036
83036
83036
83036
69796
69796
69796
69796
83040
83040
83040
83040
69800
69800
69800
69800
83044
83044
83044
83044
69804
69804
69804
69804
83048
83048
83048
83048
69808
69808
69808
69808
83052
83052
83052
83052
69812
69812
69812
69812
83056
83056
83056
83056
69816
69816
69816
69816
83060
83060
83060
83060
69820
69820
69820
69820
83064
83064
83064
83064
83068
83068
83068
83068
83072
83072
83072
83072
83076
83076
83076
83076
83080
83080
83080
83080
83084
83084
83084
83084
83088
83088
83088
83088
83092
83092
83092
83092
83096
83096
83096
83096
83100
83100
83100
83100
83104
83104
83104
83104
83108
83108
83108
83108
83112
83112
83112
83112
83116
83116
83116
83116
83120
83120
83120
83120
83124
83124
83124
83124
83128
83128
83128
83128
83132
83132
83132
83132
